0.0
0.0
0.0
0.13173049
0.36611205
0.24398049
0.22116914
0.18885475
0.35342954
0.5133058
0.52733579
0.46875302
0.13059497
0.0
0.0
0.0
0.0
0.0
0.0
0.12565419
0.16131459
0.0
0.0
0.0577652
0.07566605
0.0
0.0
0.0
0.0
0.0
0.0
0.07937037
0.44791496
0.58209312
0.55050041
0.18260182
0.04235189
0.12287343
0.18554408
0.3299167
0.40407376
0.39717989
0.5024906
0.52849655
0.57361457
0.72471452
0.79577288
0.83836752
0.87990234
0.76912599
0.67596283
0.60212875
0.7751821
0.94016064
0.91881285
0.90639782
0.81414308
1.10544198
1.39552965
1.47804415
1.39396516
0.95676447
0.79577288
0.67550862
0.71608456
0.85608164
1.14394874
1.31094598
1.49030778
1.51438082
1.67098173
2.17580898
2.77657511
3.23446751
3.48514
3.62609597
3.86006369
4.1244129
4.3224477
4.49005055
4.79346167
5.18453498
5.55799511
5.91379158
6.1474565
6.38213077
6.76063765
7.08262085
7.44901551
7.87294322
8.21965553
8.57696603
8.93730459
9.41422326
9.90779624
10.50987453
10.97821371
11.57221719
12.03904235
12.68956951
13.23159137
13.72365032
14.15161544
14.53870182
15.09788266
15.95482225
16.67852741
17.53243895
18.34597641
19.00255969
19.80196623
20.30310935
21.15399283
21.98670798
23.20903288
24.39653515
25.33926963
26.32742494
27.30851479
28.52983034
29.64213591
30.94874168
32.26241291
33.92885256
35.63415225
37.21328298
38.62284262
40.02786018
41.37837275
42.84546544
44.40541848
46.3817291
48.15667406
49.40271872
50.21020008
50.77039027
51.62833921
52.50142843
53.3795644
54.14667169
54.68162809
54.79770353
54.60592671
53.98517542
53.28367599
52.48628815
51.4718897
50.47767828
49.68029044
48.69465851
47.7337557
46.64668392
45.41678888
44.44125047
43.11698104
41.7846368
40.51285367
39.43082865
38.29682202
37.28444227
36.34221246
35.59882494
35.03560669
34.22711599
33.34797066
32.53897528
31.85665353
31.48874484
31.01889162
30.5868891
30.19980272
29.7718376
29.42007854
28.8608977
28.00345343
27.12935486
26.4369396
25.9897968
25.74805707
25.59968237
25.30293297
25.04504361
24.67915362
24.42580635
23.96554198
23.36699642
22.88402163
22.46463601
22.26074696
22.25469085
22.07805431
21.9276609
21.67431363
21.49818176
21.62586475
21.7459776
21.80805273
21.59709822
21.33365743
21.26855425
21.06920729
21.01016021
21.15651621
21.28722725
21.51786412
21.75909917
21.81511819
22.04979246
22.2390459
22.50147734
22.91884427
23.34277198
23.70815729
24.13107565
24.41722686
24.68722844
25.00063214
25.32766209
25.76319735
26.19166714
26.56866
27.08443871
27.72790042
28.36682004
28.92549621
29.36506887
29.74408043
30.19071856
30.71709547
31.32119246
31.98837393
32.69189206
33.4640461
34.26092927
35.07699011
35.71187233
36.40529694
37.0184781
37.79012747
38.59357142
39.3546226
40.03391629
40.92668786
41.72861778
42.56032358
43.22800973
44.03851914
44.75616819
45.7130336
46.57350592
47.4516419
48.35703037
49.07871683
49.81705759
50.54328614
51.24478557
51.70404059
52.25413726
52.92030938
53.81358563
54.85321788
55.67583951
56.55397548
57.39678415
58.33043447
59.26913154
60.04633235
60.65194337
61.12633866
61.64110803
62.40316856
63.16522909
64.01813127
64.76505153
65.59271992
66.40020127
67.10674746
67.77796634
68.26750191
68.80245831
69.37778877
70.12470903
70.84639549
71.73462498
72.50173227
72.91556646
73.32940066
73.84921678
74.58604352
75.59539522
76.4482974
77.19017089
77.82606246
78.41148645
78.99186367
79.74887744
80.2888806
80.83897727
81.40926098
81.91393683
82.39842564
82.76683901
83.19581348
83.89226615
84.5786253
85.22461039
85.84536168
86.57714166
87.2887346
87.74294287
88.16687058
88.8330427
89.65566433
90.5590341
91.23025297
91.8106302
92.35063336
92.74932728
93.45587346
94.14223262
94.84373204
95.7723356
96.61514427
97.49328024
98.23515374
98.65403469
99.0426351
99.49684336
100.03684652
100.63236402
101.12189959
101.6921833
102.67125444
103.6604191
104.47799397
104.99276334
105.58828084
106.13837751
106.75408205
107.15277597
107.84418188
108.81315951
109.84774499
110.87223696
111.58382991
112.33579692
112.88084684
113.49655137
114.30907949
115.1216076
115.80292
116.29750233
117.01414203
117.96797938
118.98237784
119.70911106
120.56706
121.54108438
122.60090366
123.68595674
124.48839133
125.2100778
125.90148371
126.53232852
127.09251871
127.71327
128.61159301
129.71683311
130.82711998
131.80114437
132.49759703
133.28993812
134.11760651
134.84433973
135.5407924
136.09088907
137.03463291
138.04903136
138.97763492
139.64380704
140.35539998
141.24867623
142.22774738
143.12607039
143.76196195
144.4129938
145.3365506
146.48721153
147.48646971
148.44535382
149.22255463
150.04517626
150.98892009
151.96799124
153.15397948
154.29454689
155.15754259
156.02558505
156.8583002
157.97868058
158.79625545
159.64411088
160.11345942
160.87551995
161.80412351
162.79328817
164.01965048
164.94825404
165.65480022
166.15947607
166.66415192
167.69369065
168.74341641
169.78809542
170.63090408
171.63016226
172.35184872
173.06344167
173.16437684
173.33091987
173.98699847
174.79447982
175.95523427
176.77280915
177.42888775
177.98403118
178.73095144
179.13973887
179.81095775
180.18946464
181.01713303
181.51676211
181.81956762
182.16779396
182.4907865
182.67246981
182.54630084
182.99041559
183.45471737
184.27229224
184.58519127
184.75678106
185.04444629
185.09996063
185.47342076
185.84688089
186.06893826
186.21529426
186.43230487
186.33641646
185.96295633
185.17566201
185.08482036
185.47342076
185.65510407
185.0192125
184.68107968
184.34799362
184.57509775
184.41864824
183.98967377
183.66163447
183.31845489
183.47995116
183.77266315
183.8029437
183.25284703
182.62704898
182.18293423
181.6883519
180.94143165
180.30554008
179.93207995
179.61918093
178.90254122
178.06982608
177.17654983
176.56084529
175.80887828
174.86513444
173.64381889
172.44269037
172.18530569
171.8320326
171.7462377
171.14062669
170.68641842
170.23725692
169.31370012
167.92584154
166.19985014
165.39741554
164.47385874
163.84301393
163.21721588
162.55609052
161.68804806
160.26486217
159.32616509
158.1956912
156.96428213
155.64203141
154.6579135
153.40127064
151.93771069
150.77190948
149.74741751
148.72292554
147.71357384
146.93132628
145.91188106
144.46346138
143.21691204
142.32363579
141.49092064
140.17876344
138.32155632
136.9135107
135.75275625
135.07649062
133.96115699
132.69442062
131.29646852
130.07515297
128.73776197
127.81420517
126.42129983
125.07886207
123.66072294
122.56557635
121.36949459
120.21883366
119.07826625
118.10424186
116.94853417
115.65151724
114.4049679
112.89598711
111.21036978
109.47428487
108.15203415
107.30417872
106.56735198
105.70435628
104.34677825
103.22639787
101.95461474
100.86451491
99.53217067
98.35627594
97.2560826
96.18112304
95.21214541
94.11699882
92.9411041
91.65922745
90.50856651
89.5496824
88.65135939
87.99023403
87.01620965
85.62330431
84.22030545
82.90814825
82.07038634
80.89449162
79.68831634
78.64868409
77.79578191
76.87727187
76.00418265
75.24212212
74.2479107
73.02659515
72.13836566
71.59331574
71.28546348
70.39723398
69.35255498
67.576096
65.93589949
64.79533208
63.91214934
63.08952771
62.42335559
61.88839919
61.30297521
60.36932489
59.58203057
58.93099873
58.37585529
57.44725173
56.6498639
55.7010733
54.6563943
53.52087364
52.43582057
51.96647203
51.46179618
51.09842957
50.14257352
49.33357813
48.53669497
47.85740128
47.18012629
46.33126152
45.51570535
44.97216946
44.68198085
44.32063294
43.88812574
43.16139252
42.36652806
41.38644756
40.65971434
40.06167346
39.37026755
39.0139664
38.97207831
38.50676717
37.76136095
36.88221562
36.46737207
36.13125796
35.35405715
34.49863159
34.18876062
34.20491025
33.93137594
33.20666142
32.5677418
32.45217103
31.90358838
31.29343528
30.34666339
29.64011721
28.99514147
28.58837274
28.2234921
27.64361955
27.26057059
27.28176697
27.18436453
26.60398731
25.78489841
25.2479233
25.12124967
25.17524998
24.94612715
23.92617726
23.13686423
22.55598233
22.35915875
22.1931204
22.31979404
22.0573626
21.66169673
20.99249656
20.43482975
19.61977825
19.44818846
19.54760961
19.45474925
18.99650358
18.21072329
18.02146984
17.95232925
18.36010734
17.99775008
17.41989623
16.70678926
16.53217142
16.46656356
16.72192954
16.60131201
16.14558972
15.75648464
15.33255693
14.92124611
14.38124295
14.23791501
