0.62848222
0.71951863
0.67108495
0.54338182
0.49788462
0.5192963
0.43417489
0.43407508
0.39131476
0.5391268
0.68652909
0.6343657
0.77310037
0.77588452
0.49950783
0.27685472
0.34688919
0.6178184
0.98501087
1.11633865
1.0575038
1.22024519
1.18336835
1.2901641
1.33612882
1.24876958
1.20984403
0.91866408
0.67759881
0.5492653
0.61025392
0.64413649
0.61855384
0.68038295
0.73244129
0.6910993
0.90742242
0.83508708
1.10593749
1.05435194
0.81596575
0.67076976
0.55509625
0.59549268
0.7952685
0.95617129
1.22728436
1.43583287
1.4303171
1.57456753
1.55245194
1.75080941
1.84048002
1.64790096
1.63340238
1.41839254
1.33681172
1.31438094
1.45553203
1.88807321
2.20504593
2.31084359
2.23262477
2.21245282
2.14783955
2.19081
2.09105342
2.21618253
2.59897674
2.92860946
3.39970847
4.03864438
4.70983439
5.30669287
5.56462063
5.43171692
5.35817336
5.45535592
5.87875668
6.60736319
7.18993322
7.86916049
8.2006318
8.68076616
9.28697518
10.08229621
11.03153339
12.24867925
13.4516417
14.56687719
15.59228449
16.50264865
17.67041525
18.91487728
20.1919086
21.35809927
22.84893221
24.5120672
26.63695066
28.50548229
30.15390857
32.18423602
34.42889041
36.87053647
39.38257422
42.01543352
44.95875169
48.44366562
52.00790153
55.41506942
59.28135921
63.46808879
67.88070215
72.5244524
77.40459265
82.63669134
88.26802648
93.8415774
99.60424032
105.99202347
113.08372351
120.63769733
128.2652147
135.77716363
143.14727856
150.51739349
157.98731753
165.77768136
173.98829407
182.42479056
190.25192616
196.88660553
203.04850489
208.31737537
213.40238695
218.11442764
221.61825277
223.98215279
225.13258413
225.20612768
224.86467546
223.58816945
220.98262633
216.5857723
211.0700056
205.0341809
198.31019865
191.3550795
184.31591057
177.60768764
171.37224472
164.92142424
158.51262865
152.87078728
147.31824881
142.364565
136.92234186
131.73226806
126.8468747
122.49204556
118.55746532
115.11667752
111.55506817
107.8936497
104.45811502
101.27472967
98.57463054
95.93756875
93.16917918
90.1591465
86.97576114
84.01825957
81.33391978
79.01204466
76.19637709
73.31767218
70.5913075
68.33246971
66.27850325
64.01966546
61.40886923
58.91364143
56.57075387
54.39596585
52.43970727
50.90632412
49.3219858
47.69509728
45.95946936
44.30946715
42.86276035
41.81056219
40.68797233
39.80177249
38.93395853
37.97368981
37.18782438
36.83796718
36.46657222
36.18500547
35.85300884
35.13700979
34.44517506
33.72812539
33.22382672
33.0247338
32.64230731
32.23676713
31.861695
31.76188589
31.68729171
31.8711506
32.11594558
32.36179118
32.40118951
32.54039696
32.86136205
33.38457192
33.85787723
34.09584317
34.3338091
34.59488872
35.04875753
35.54097404
36.16136647
36.71241782
37.36590485
38.26733872
39.08682406
39.97197329
40.73735158
41.42655976
42.3406011
43.35970466
44.4297634
45.66214327
46.78053063
47.74079935
48.80770622
49.92977076
51.24357386
52.71497029
54.04400741
55.42032253
56.84391565
58.08364987
59.48097744
60.84153322
62.26512634
63.72549124
64.92320058
66.32052814
67.68108393
69.06790527
70.43896728
71.88882595
73.53304974
75.20879219
76.63763842
78.10325643
79.44805288
80.80335556
82.2374549
83.68206046
85.22647513
86.77614292
88.11568626
89.46573582
90.62667339
91.9084325
93.24272273
94.60853163
96.13718697
97.59755187
98.9791201
100.31866344
101.55314456
102.9872439
104.21121879
105.38266258
106.37024747
107.48916015
108.51876993
109.59565771
110.42039616
111.37646239
112.36404728
113.37264462
114.59661952
115.5789513
116.30913375
116.93950709
117.64342398
118.56797154
119.56080955
120.24371399
121.01592133
121.74610378
122.68641067
123.32203712
123.99443535
124.34114068
124.88221113
125.5283438
126.19548892
126.66826892
127.10427714
127.50351359
127.90275004
128.24945537
128.56989515
128.94811915
129.29482449
129.59950493
129.94621027
130.16684094
130.63436783
130.97056694
131.25423494
131.39081583
131.41708139
131.4696125
131.5641685
131.79530539
132.34162895
132.67257495
132.76187784
132.56225962
132.67782806
132.9772554
133.43952918
133.63389429
133.29244207
133.00352095
132.74611851
132.82491517
132.8826994
132.80390273
132.76187784
132.77238406
132.76713095
132.87744629
133.07706451
133.31345451
133.48155407
133.19263295
132.89845873
132.92472429
133.12959562
133.20839229
132.65156251
132.31536339
132.11574517
132.31536339
132.55700651
132.94048362
133.32396073
133.22940473
132.6935874
132.35213517
132.35213517
132.74611851
132.66732184
132.25757917
132.02644228
131.77954606
132.02118917
132.01593606
131.91087384
131.87935517
131.78479917
131.76903984
131.64821828
131.66397761
131.49062494
131.40657517
131.35404405
131.4696125
131.57992783
131.58518095
131.40657517
131.26474117
130.93904827
130.79721427
130.58183672
130.18260027
129.73083271
129.21602782
129.35260871
129.65203605
129.85690738
129.95671649
130.0092476
130.26139694
130.47152138
130.47152138
130.36120605
130.49778694
130.62911472
130.67639272
130.29816872
129.99348827
129.70456716
129.85690738
129.75709827
129.68880782
129.27381204
128.87982871
128.78527271
128.99014404
129.41039293
129.5364676
129.34210249
128.79577893
128.37027693
128.33350515
128.66445115
129.00065026
129.04792826
128.74850093
128.51736404
128.08660893
127.68211937
127.24611114
126.81535603
126.68928136
126.6104847
126.36358847
126.54744736
126.36884158
126.20074203
125.78574625
125.28144758
125.01879202
124.60379624
124.19930668
123.65298312
123.0278629
122.36597089
121.96148134
122.01401245
122.03502489
121.851166
121.18402089
120.64820355
120.25947333
120.04934888
119.82871821
119.29815399
118.74657732
118.22651932
117.6066522
117.31773109
116.87646975
116.66634531
115.87837864
115.42135797
115.04313397
114.87503441
114.34447018
113.68257818
112.90511773
112.31151617
111.87025484
111.49203083
110.88792305
109.9213506
109.20692749
108.56604793
108.33491104
107.88314348
107.25802326
106.73271214
106.31771636
105.5822808
104.29526857
103.07654679
102.38838923
102.04168389
101.40605745
100.97530233
100.62334389
100.30815722
99.46240632
98.72697076
97.90223232
97.0459752
96.06364342
95.4910543
95.45428252
95.01302119
94.17252341
93.14291362
92.31292206
91.49343672
90.8683165
90.37977716
89.74940383
89.04023382
88.03688959
87.18063248
86.26133803
85.56267425
84.93755402
83.98148779
83.10947135
82.48960423
82.22169556
81.38119778
80.40937222
79.6476711
79.56887444
79.28520644
78.6548331
77.48338931
76.66915709
75.76562197
75.12999552
74.18443552
73.11805396
72.27230306
71.66819528
71.17965595
70.83820372
70.45472661
70.09226194
69.52492594
68.87354016
68.14335771
66.97716703
66.05787259
65.31718391
64.61852013
63.64144146
62.77467812
62.18632967
61.58747501
60.95710167
60.58938389
60.19014744
59.94325122
59.33389033
58.53016432
57.46903587
56.65480364
56.07696142
55.4570943
54.85823963
54.38020652
53.83913607
53.20350963
52.66243918
51.96272477
51.32709833
50.58430841
50.2055591
49.64872932
49.26735345
48.74729545
48.28712291
47.64624335
47.13774219
46.77790408
46.3250859
45.53974578
44.58998329
43.66753697
43.2388831
42.99093626
42.75612219
42.07479368
41.41342698
40.96743785
40.9133308
40.63701716
39.96619486
39.05898257
38.51265901
37.97841761
37.44732807
36.66724107
35.96069762
35.33295084
34.84966461
34.70940655
34.43361821
34.09794441
33.60362665
33.18915618
32.62864922
32.42955631
32.20419784
31.95362444
31.27282124
30.83838895
30.62301139
30.47802552
29.9758281
29.42425143
28.95462329
28.614747
28.472913
28.16403007
27.66761106
27.16121115
26.87596721
26.64745688
26.25504948
25.72238401
25.28742641
24.62921158
24.39492282
24.23050044
24.00304073
23.82706151
23.73985986
23.86278266
23.70151215
23.42624913
23.17462511
22.72180692
22.29315306
21.94277054
21.54511003
20.78393423
20.09630198
19.73068544
19.58517426
19.18751375
19.09453368
19.09716024
19.0672175
18.89544077
18.77724577
18.36487655
18.0838351
18.01974714
18.34071223
18.12953717
17.38359538
16.82308843
16.70804529
16.73641209
16.41964949
16.11024124
16.24419558
16.226335
16.06874167
15.44099488
15.01391695
14.82165308
15.09534017
15.29180653
15.15417502
14.49806144
14.24433617
13.9007827
13.55407736
13.43850892
13.50154625
13.02141189
12.459329
12.3127672
12.33693151
11.99547929
12.29228007
12.40889913
12.50398045
11.90249922
12.15464856
11.78535484
11.59729346
11.08511513
11.23798066
11.39032088
11.08879231
10.24041486
9.81123568
9.77393859
10.17895346
10.19891528
