0.0
0.0
0.0
0.0
0.0
0.0
0.0
0.0
0.0
0.0
0.0
0.18633524
0.02069843
0.0
0.0
0.0
0.0
0.0
0.0
0.0
0.0
0.0
0.0
0.0
0.0
0.0
0.0
0.0
0.0
0.0
0.0
0.08879101
0.0
0.0
0.0
0.0
0.0
0.0
0.0
0.0
0.0
0.0
0.0
0.0
0.26211706
0.59491537
0.89457371
0.97320745
0.0
0.0
0.0
0.0
0.0
0.0
0.0
0.0
0.0
0.0772023
0.25162799
0.21209859
0.00739116
0.0
0.03319894
0.94619638
1.30570412
1.08275996
0.59204973
0.10787563
0.33671972
0.5511355
0.88487989
1.1288296
0.60293643
0.04873099
0.0
0.0
0.38313214
2.04269497
3.1933391
3.28205058
3.0485488
2.80065026
3.01276256
3.61756371
3.88232703
3.74590057
3.17633721
2.40755008
2.87469075
4.30120428
5.98836776
7.71008348
8.06643764
8.63613811
8.70496835
9.05954005
9.72878385
10.10940684
11.1727106
11.69236518
12.18871072
13.00178504
14.13899219
15.88305716
17.07867404
17.32684681
17.46807219
17.94796429
18.88032607
19.552175
20.48179454
21.7103183
23.63674227
25.28345771
27.63630009
29.60659991
31.77982553
33.43888105
34.86073277
37.51659273
39.62948906
41.62584016
43.05317636
44.50930608
46.70446963
49.25749557
51.41426775
53.96318032
56.29545589
59.12819036
62.33249843
66.24978903
70.06287449
73.49478851
76.24525577
78.9669295
83.15433079
87.98478749
93.28690956
98.2215714
102.9642764
108.39665489
114.21431818
119.48490449
124.93922091
130.92964535
137.68789714
144.84514493
151.96125912
158.96768368
166.96131483
175.66792852
185.29319279
194.78134503
203.47424752
211.56385709
219.61233306
228.55203719
238.10874545
247.78885453
256.85195949
265.51743957
274.29260928
282.121706
289.3475098
295.69579663
301.02945447
306.3356899
310.91523159
315.24797163
318.41525945
319.89606933
319.55328927
317.45547526
314.5624115
311.90243818
309.4207105
306.19857787
300.78265282
294.16014193
287.56505345
281.54583548
275.73228556
268.94524024
260.91047548
253.13622357
246.00639818
239.53471052
233.46064774
226.74215844
219.87284591
213.63424869
206.91575939
200.45778293
194.49340978
189.13232953
185.12865836
181.64601288
177.99883297
173.54269211
169.27850808
165.32968171
162.72455321
160.35251515
156.99327049
152.68795286
147.93016553
144.20071841
140.67693932
137.77016436
134.15726246
130.44289766
126.61747211
123.41864853
120.65858344
117.76963303
114.46934655
110.49721114
107.26548067
104.73987714
102.51317783
100.14936649
97.39889924
94.73892592
92.29558961
90.08671486
88.02180774
86.15708417
84.61594499
82.95826059
81.15386632
79.74846805
78.31153401
77.4381304
76.13830839
74.84259974
73.69634319
72.89972232
72.32933629
71.71644553
71.11178149
70.5098597
69.57612679
68.60674477
67.86908206
67.59348689
67.33160292
67.06834783
66.75984577
66.31697392
66.01395634
65.68762972
65.30920052
65.13506825
65.01715191
65.21459323
65.55874441
65.75070125
65.63552715
65.4764772
65.76029909
66.24841791
66.78726817
67.1204504
67.23288226
67.75802132
68.34623191
68.63416717
68.78636152
68.86725762
69.45683933
70.01899864
70.04504992
70.17667747
70.80602167
72.15520401
73.59350917
74.78089932
75.2525647
75.87916666
76.5249643
77.30101837
78.19773103
78.78045714
79.61135602
80.35861657
81.01949654
81.48841967
82.39473016
83.24071137
84.42261704
85.09446597
85.71421233
86.30927852
87.28003167
88.19456889
88.6689765
88.91714927
89.19274444
90.31020746
91.14384858
92.20235343
93.01679887
93.71469908
94.57027813
94.98846981
95.46287742
95.70967907
95.89615143
96.64478309
97.89250253
98.50265105
98.98391427
98.91398713
99.04150132
99.43638395
99.86691572
100.53739353
101.7604328
102.78603076
103.19051124
102.86418462
102.31025203
102.39800373
103.08082162
103.39892152
103.62789861
103.80203088
104.19005792
104.36007683
104.39709708
104.70559914
105.5625493
106.68686792
107.53147801
108.33221224
108.56667381
108.81758882
109.3578102
109.77463076
110.27371854
110.16540004
110.04748369
110.1695134
110.42591289
111.13341095
111.56942719
112.13569986
111.72847714
111.75864179
111.7120237
112.65535444
113.61376751
113.8907338
113.93460965
113.76321962
113.94146525
113.63570543
113.16952454
112.86787808
113.2819564
113.75087953
113.91541397
113.67683904
113.65078775
113.73442609
114.26779187
114.38982158
114.68735468
114.42821295
113.93049629
113.38753266
112.80069319
112.63752988
113.49036668
114.00179454
114.76413741
114.303441
113.6809524
113.11742197
113.14758662
112.78423975
112.25087396
111.34867683
111.25681177
111.96293871
112.07537057
112.52509802
112.29886317
112.88021816
112.99676339
112.47573769
111.63386984
110.92225842
110.94968083
111.17043119
110.86604249
110.2709763
109.59638513
109.36877916
109.0534215
108.53650916
108.4309329
108.26776959
108.7216104
108.75314616
108.28285191
108.14299764
107.8015887
107.52599352
106.8884226
106.25085168
106.33449001
106.49216884
106.91721613
106.2453672
105.68732125
104.30523202
104.32305658
104.46153973
105.11007962
104.94280294
103.92680283
102.81482429
101.81527762
101.37926137
101.27916959
101.35046785
100.99946106
100.18090226
99.50768221
98.9523785
99.47066196
99.50356885
99.42678611
98.68638117
98.00904776
97.50995998
97.28646738
96.86553345
96.04697466
95.22293138
94.88700691
94.67996775
94.4468773
93.39659918
93.36369229
92.79330626
92.99074758
92.3422077
91.91304705
91.37282567
90.70646122
90.21971352
89.66440982
89.32985647
89.69457446
90.14430191
90.25947601
88.76906828
86.62874955
84.96420954
83.91393142
83.80287068
83.37919451
82.99116748
82.44546161
81.72836571
81.23064906
81.08668143
81.13741288
81.24573138
80.85770434
79.91026024
79.24526691
78.43767707
77.68081869
76.96783615
76.26993593
76.25622473
76.43858373
76.72651898
76.43584149
75.60631372
74.99753633
74.24616242
73.96782501
73.38509889
72.90932016
72.48153064
71.43810812
70.43444808
69.67073409
69.76259915
70.53591098
70.08069905
69.16067735
67.95409152
67.33160292
67.27127363
67.14513056
66.68443415
65.61907371
64.41248787
63.62135148
63.26486021
63.23880892
63.39648775
62.99612064
62.71778322
62.29959154
62.38185876
62.14602607
61.00662513
59.13915933
57.81191491
57.32790945
57.66520504
57.1551483
56.05550985
54.91748003
55.02991189
55.58658672
56.39006319
55.76620347
55.32744499
54.13182811
53.60668905
52.89781987
52.92524228
52.05046755
51.02486959
49.8278816
49.9430557
50.60942015
50.6601516
49.72230534
48.41974108
48.44579237
49.10255898
49.29725805
48.56645095
47.64094477
47.41608105
46.98554929
45.86534403
44.66424268
44.21999971
44.52301729
44.62859355
43.81826147
42.24832877
40.67839606
40.2615755
40.49466595
40.81825033
40.69347838
40.65920038
40.39457417
38.95489789
37.40827423
36.99693815
37.48505696
37.68249828
37.08468984
36.34291378
36.65827144
35.89455745
35.66558037
34.82371252
35.21036844
35.01292712
34.65643585
34.25606873
34.3753562
34.11347223
33.16191476
31.899113
31.33832481
30.85706159
30.8707728
30.38265398
30.31272685
29.14316126
28.73456742
28.81683464
29.3693961
28.96491563
27.72816515
26.93839987
26.69296934
27.11253215
26.93702875
25.9731312
25.50283695
25.0997276
24.54031053
23.92604865
23.2871066
23.64222675
24.71992728
25.24506634
24.63080446
22.57686631
21.91050186
21.51836146
21.30035334
20.74779187
20.44066093
20.56406175
21.95711994
23.22403507
22.78801883
21.08508746
20.52292815
21.11936546
21.05080945
19.89906842
19.37392936
19.16551908
19.01332473
18.5444016
18.74321404
17.72447168
17.0759318
17.00463354
18.10701424
18.0233759
16.94704649
15.65956456
14.70937822
14.02381808
14.85197472
15.4388142
14.89447945
13.45192382
12.42879388
12.43414125
12.3891685
11.69524454
11.24016972
11.75324292
12.7904954
13.72217163
14.94932426
15.56495726
14.81221224
13.17029572
11.78697248
10.13148187
9.00688903
9.28673468
10.27819174
10.47741552
10.33577879
11.36466744
11.49711766
10.49441741
8.18106329
8.26429029
8.88431088
10.48907004
11.54496975
12.27084082
11.05342314
9.99395851
9.31127773
9.3781884
8.94628551
8.2906158
8.36643875
8.35341311
8.67507792
8.38426332
8.64614729
9.26136895
9.90620681
10.06882168
9.88714824
8.23110918
6.16441961
