1.45609363
1.47251261
1.48893159
1.50535057
1.52176955
1.53818853
1.55460751
1.57102648
1.58744546
1.60386444
1.62028342
1.63790948
1.65553554
1.6731616
1.69078766
1.70841372
1.72603978
1.74366584
1.7612919
1.77891796
1.79654402
1.81540838
1.83427274
1.8531371
1.87200146
1.89086582
1.90973018
1.92859454
1.94745889
1.96632325
1.98518761
2.00531108
2.02543455
2.04555802
2.06568149
2.08580496
2.10592843
2.1260519
2.14617537
2.16629884
2.18642231
2.20782867
2.22923503
2.2506414
2.27204776
2.29345413
2.31486049
2.33626686
2.35767322
2.37907959
2.40048595
2.42319008
2.4458942
2.46859833
2.49130245
2.51400658
2.53671071
2.55941483
2.58211896
2.60482308
2.62752721
2.65154099
2.67555477
2.69956854
2.72358232
2.7475961
2.77160988
2.79562366
2.81963744
2.84365122
2.867665
2.89300032
2.91833565
2.94367097
2.96900629
2.99434162
3.01967694
3.04501227
3.07034759
3.09568292
3.12101824
3.1476766
3.17433496
3.20099331
3.22765167
3.25431003
3.28096838
3.30762674
3.3342851
3.36094345
3.38760181
3.41558766
3.44357351
3.47155936
3.49954521
3.52753105
3.5555169
3.58350275
3.6114886
3.63947445
3.6674603
3.69676918
3.72607806
3.75538694
3.78469582
3.8140047
3.84331358
3.87262246
3.90193135
3.93124023
3.96054911
3.99117507
4.02180104
4.05242701
4.08305298
4.11367894
4.14430491
4.17493088
4.20555684
4.23618281
4.26680878
4.29874143
4.33067407
4.36260672
4.39453937
4.42647201
4.45840466
4.49033731
4.52226996
4.5542026
4.58613525
4.6193612
4.65258715
4.6858131
4.71903904
4.75226499
4.78549094
4.81871689
4.85194284
4.88516879
4.91839473
4.95289615
4.98739756
5.02189897
5.05640038
5.09090179
5.1254032
5.15990461
5.19440602
5.22890743
5.26340884
5.29916491
5.33492097
5.37067703
5.40643309
5.44218915
5.47794522
5.51370128
5.54945734
5.5852134
5.62096946
5.65795639
5.69494332
5.73193025
5.76891717
5.8059041
5.84289103
5.87987796
5.91686488
5.95385181
5.99083874
6.02902978
6.06722081
6.10541185
6.14360288
6.18179392
6.21998496
6.25817599
6.29636703
6.33455806
6.3727491
6.41211451
6.45147992
6.49084534
6.53021075
6.56957616
6.60894157
6.64830699
6.6876724
6.72703781
6.76640323
6.80691031
6.8474174
6.88792448
6.92843157
6.96893865
7.00944574
7.04995282
7.09045991
7.130967
7.17147408
7.21309014
7.25470619
7.29632224
7.3379383
7.37955435
7.42117041
7.46278646
7.50440251
7.54601857
7.58763462
7.63031951
7.67300439
7.71568928
7.75837417
7.80105905
7.84374394
7.88642882
7.92911371
7.9717986
8.01448348
8.05819855
8.10191362
8.14562868
8.18934375
8.23305882
8.27677388
8.32048895
8.36420402
8.40791909
8.45163415
8.49633778
8.5410414
8.58574503
8.63044865
8.67515228
8.7198559
8.76455953
8.80926315
8.85396678
8.8986704
8.94432096
8.98997152
9.03562208
9.08127264
9.1269232
9.17257376
9.21822432
9.26387488
9.30952544
9.35517599
9.4017274
9.44827882
9.49483023
9.54138164
9.58793305
9.63448446
9.68103587
9.72758728
9.77413869
9.8206901
9.86809628
9.91550246
9.96290863
10.01031481
10.05772099
10.10512717
10.15253335
10.19993953
10.24734571
10.29475188
10.34296675
10.39118161
10.43939647
10.48761134
10.5358262
10.58404106
10.63225593
10.68047079
10.72868565
10.77690052
10.82587352
10.87484653
10.92381953
10.97279254
11.02176554
11.07073855
11.11971156
11.16868456
11.21765757
11.26663057
11.31631564
11.3660007
11.41568577
11.46537083
11.51505589
11.56474096
11.61442602
11.66411109
11.71379615
11.76348122
11.81382631
11.8641714
11.9145165
11.96486159
12.01520669
12.06555178
12.11589687
12.16624197
12.21658706
12.26693216
12.31788674
12.36884132
12.4197959
12.47075048
12.52170506
12.57265964
12.62361422
12.6745688
12.72552338
12.77647796
12.82799297
12.87950799
12.931023
12.98253801
13.03405302
13.08556803
13.13708304
13.18859805
13.24011306
13.29162808
13.34365149
13.3956749
13.44769831
13.49972173
13.55174514
13.60376855
13.65579196
13.70781538
13.75983879
13.8118622
13.86434198
13.91682177
13.96930155
14.02178134
14.07426112
14.12674091
14.17922069
14.23170047
14.28418026
14.33666004
14.38954714
14.44243424
14.49532134
14.54820844
14.60109554
14.65398264
14.70686974
14.75975684
14.81264394
14.86553104
14.91877937
14.9720277
15.02527604
15.07852437
15.1317727
15.18502103
15.23826937
15.2915177
15.34476603
15.39801436
15.45156001
15.50510565
15.55865129
15.61219693
15.66574258
15.71928822
15.77283386
15.8263795
15.87992515
15.93347079
15.98726915
16.0410675
16.09486586
16.14866422
16.20246257
16.25626093
16.31005929
16.36385765
16.417656
16.47145436
16.52546083
16.57946731
16.63347378
16.68748026
16.74148673
16.7954932
16.84949968
16.90350615
16.95751263
17.0115191
17.0656891
17.11985909
17.17402909
17.22819908
17.28236908
17.33653907
17.39070907
17.44487906
17.49904906
17.55321905
17.60749311
17.66176716
17.71604121
17.77031527
17.82458932
17.87886338
17.93313743
17.98741148
18.04168554
18.09595959
18.15029311
18.20462662
18.25896014
18.31329365
18.36762717
18.42196069
18.4762942
18.53062772
18.58496123
18.63929475
18.693658
18.74802124
18.80238449
18.85674774
18.91111099
18.96547423
19.01983748
19.07420073
19.12856397
19.18292722
19.23724587
19.29156452
19.34588317
19.40020182
19.45452047
19.50883912
19.56315777
19.61747642
19.67179507
19.72611372
19.78035805
19.83460237
19.88884669
19.94309102
19.99733534
20.05157966
20.10582398
20.16006831
20.21431263
20.26855695
20.32269722
20.37683748
20.43097774
20.48511801
20.53925827
20.59339854
20.6475388
20.70167906
20.75581933
20.80995959
20.86392147
20.91788335
20.97184523
21.0258071
21.07976898
21.13373086
21.18769274
21.24165461
21.29561649
21.34957837
21.403347
21.45711562
21.51088425
21.56465287
21.6184215
21.67219012
21.72595875
21.77972738
21.833496
21.88726463
21.9407954
21.99432618
22.04785696
22.10138774
22.15491851
22.20844929
22.26198007
22.31551085
22.36904162
22.4225724
22.47582073
22.52906906
22.5823174
22.63556573
22.68881406
22.74206239
22.79531073
22.84855906
22.90180739
22.95505572
23.00799188
23.06092803
23.11386419
23.16680035
23.2197365
23.27267266
23.32560881
23.37854497
23.43148113
23.48441728
23.53699667
23.58957605
23.64215543
23.69473482
23.7473142
23.79989358
23.85247297
23.90505235
23.95763173
24.01021112
24.06241886
24.11462661
24.16683435
24.2190421
24.27124984
24.32345759
24.37566533
24.42787308
24.48008082
24.53228857
24.58405034
24.63581212
24.6875739
24.73933568
24.79109746
24.84285924
24.89462102
24.9463828
24.99814458
25.04990636
25.10123704
25.15256771
25.20389839
25.25522907
25.30655975
25.35789043
25.40922111
25.46055179
25.51188246
25.56321314
25.61405326
25.66489338
25.71573349
25.76657361
25.81741372
25.86825384
25.91909396
25.96993407
26.02077419
26.0716143
26.12194899
26.17228368
26.22261837
26.27295306
26.32328775
26.37362243
26.42395712
26.47429181
26.5246265
26.57496119
26.62474585
26.67453051
26.72431518
26.77409984
26.8238845
26.87366917
26.92345383
26.97323849
27.02302316
27.07280782
27.12202759
27.17124737
27.22046714
27.26968691
27.31890669
27.36812646
27.41734623
27.46656601
27.51578578
27.56500555
27.61364557
27.66228559
27.71092561
27.75956562
27.80820564
27.85684566
27.90548568
27.95412569
28.00276571
28.05140573
28.09942139
28.14743706
28.19545272
28.24346839
28.29148406
28.33949972
28.38751539
28.43553105
28.48354672
28.53156238
28.57893883
28.62631528
28.67369172
28.72106817
28.76844462
28.81582107
28.86319751
28.91057396
28.95795041
29.00532686
29.05204922
29.09877158
29.14549395
29.19221631
29.23893868
29.28566104
29.3323834
29.37910577
29.42582813
29.4725505
29.51860391
29.56465733
29.61071074
29.65676416
29.70281757
29.74887099
29.7949244
29.84097782
29.88703123
29.93308465
29.97842452
30.02376439
30.06910426
30.11444413
30.159784
30.20512387
30.25046374
30.29580361
30.34114347
30.38648334
30.43110967
30.47573599
30.52036232
30.56498864
30.60961497
30.65424129
30.69886761
30.74349394
30.78812026
30.83274659
30.87665937
30.92057214
30.96448492
31.0083977
31.05231048
31.09622326
31.14013604
31.18404882
31.22796159
31.27187437
