0.0
0.0
0.0
0.0
0.0
0.0
0.0
0.0
0.0
0.0
0.0
0.0
0.0
0.0
0.0
0.0
0.0
0.0
0.0
0.0
0.0
0.0
0.0
0.0
0.0
0.0
0.0
0.0
0.0
0.0
0.0
0.0
0.0
0.0
0.0
0.0
0.0
0.0
0.0
0.0
0.0
0.0
0.0
0.0
0.0
0.0
0.0
0.0
0.0
0.0
0.0
0.0
0.0
0.0
0.0
0.0
0.0
0.0
0.0
0.0
0.0
0.0
0.0
0.0
0.0
0.0
0.0
0.0
0.0
0.00019418
0.00069412
0.0008531
0.00106004
0.00126698
0.00147392
0.00168086
0.00188781
0.00191097
0.00248807
0.00305405
0.00347973
0.00390541
0.0043311
0.00480269
0.00532818
0.00585368
0.0066821
0.0070313
0.00764647
0.00899143
0.00915808
0.01022836
0.01217174
0.01318544
0.01446694
0.01646828
0.01762194
0.01870102
0.02060562
0.02270188
0.02467297
0.02581387
0.02841898
0.03101946
0.03394155
0.03635768
0.04007403
0.04453442
0.04778023
0.05121639
0.05526135
0.05934328
0.06224282
0.06693777
0.07162423
0.0769363
0.08250072
0.088555
0.09511727
0.10220757
0.111175
0.11817805
0.12668584
0.13541846
0.14437863
0.15308675
0.16085952
0.17001505
0.17949869
0.18990473
0.20131005
0.21447572
0.22854823
0.24187512
0.25766044
0.27487904
0.29069182
0.30766344
0.3254709
0.34169168
0.35638043
0.3725147
0.38914117
0.40349139
0.42160156
0.44359032
0.46026059
0.48217859
0.50649413
0.53096472
0.55538846
0.58064665
0.60824191
0.63193886
0.65193269
0.67287582
0.69144454
0.71070754
0.72866476
0.74908161
0.76880818
0.78908911
0.81053341
0.83350665
0.85715509
0.88649245
0.90587401
0.92972196
0.95086318
0.9678149
0.98005128
0.99024769
0.99418678
0.9982795
0.99963169
0.99525473
0.99359976
0.98801874
0.97816278
0.97366123
0.96563276
0.95772689
0.94665166
0.93630532
0.9232095
0.90672444
0.88862632
0.86740898
0.84404471
0.82235623
0.79556815
0.76809546
0.74287727
0.71808045
0.69400873
0.67131463
0.64753961
0.62501748
0.60291522
0.58475043
0.5656243
0.54758514
0.5295209
0.51238852
0.49622201
0.47873505
0.46090335
0.4447651
0.42745948
0.41192993
0.39863194
0.3822101
0.367397
0.35578625
0.34193429
0.32996009
0.31802561
0.30510379
0.2938421
0.28466575
0.27289536
0.26382034
0.25246863
0.24285391
0.23258413
0.22410593
0.21493769
0.2078286
0.19892586
0.19000203
0.18230333
0.17474171
0.16695448
0.15963225
0.15399246
0.14818255
0.1421749
0.13566868
0.12940304
0.12387996
0.12067296
0.11636944
0.11137734
0.10522899
0.10113491
0.09742436
0.09365864
0.09066005
0.08662353
0.08298629
0.08032001
0.07691378
0.07394418
0.07116839
0.0684296
0.06581435
0.06321148
0.0606086
0.05800573
0.05572157
0.05357401
0.05142645
0.04929713
0.04745371
0.04567403
0.04393478
0.04222489
0.04112659
0.03947439
0.03778878
0.03648544
0.03523673
0.03387823
0.03253398
0.03130532
0.03007666
0.028848
0.02761934
0.02665348
0.02562928
0.02449517
0.02336106
0.0228045
0.02204254
0.02128057
0.02051861
0.01975664
0.01899468
0.01832642
0.01772063
0.01711484
0.01650905
0.01591236
0.01545846
0.01500678
0.01456802
0.01415434
0.01374066
0.01317938
0.01289068
0.01205449
0.01191744
0.01131712
0.0110158
0.01071448
0.01041316
0.01011185
0.00981053
0.00950921
0.00920789
0.00890657
0.00860526
0.00830394
0.00800262
0.0077013
0.00739999
0.00709867
0.00687826
0.00672142
0.00656459
0.00640775
0.00625092
0.00609408
0.00593725
0.00578041
0.00562358
0.00546674
0.0053099
0.00515307
0.00499623
0.0048394
0.00468719
0.00460749
0.00452779
0.00444809
0.00436839
0.00428869
0.00420899
0.00412929
0.00404959
0.00396989
0.00389019
0.00381049
0.00373079
0.00365109
0.00357139
0.0035089
0.00345889
0.00340887
0.00335885
0.00330884
0.00325882
0.0032088
0.00315879
0.00310877
0.00305875
0.00300874
0.00295872
0.00290871
0.00285869
0.00280926
0.00276506
0.00272087
0.00267668
0.00263249
0.00258829
0.0025441
0.00249991
0.00245571
0.00241152
0.00236733
0.00232314
0.00227894
0.00223475
0.00219056
0.00216227
0.00214293
0.00212358
0.00210424
0.00208489
0.00206555
0.0020462
0.00202686
0.00200752
0.00198817
0.00196883
0.00194948
0.00193014
0.0019108
0.00189088
0.00186869
0.0018465
0.00182431
0.00180212
0.00177993
0.00175774
0.00173555
0.00171336
0.00169117
0.00166898
0.00164679
0.0016246
0.00160241
0.00158022
0.00156947
0.00156193
0.0015544
0.00154687
0.00153933
0.0015318
0.00152427
0.00151674
0.0015092
0.00150167
0.00149414
0.0014866
0.00147907
0.00147154
0.0014585
0.00143567
0.00141285
0.00139002
0.0013672
0.00134437
0.00132155
0.00129872
0.0012759
0.00125307
0.00123025
0.00120742
0.00118459
0.00116177
0.00113894
0.00112067
0.0011219
0.00112868
0.00113546
0.00114224
0.00114903
0.00115581
0.00116259
0.00116937
0.00115636
0.00114295
0.00112954
0.00111613
0.00110271
0.0010854
0.00106525
0.00104511
0.00102497
0.00100482
0.00098468
0.00096454
0.0009444
0.00092425
0.00090411
0.00088397
0.00086383
0.00084368
0.00082354
0.00080615
0.0007985
0.00079085
0.0007832
0.00077555
0.0007679
0.00076026
0.00075261
0.00074496
0.00073731
0.00072966
0.00072202
0.00071437
0.00070672
0.00069907
0.00069156
0.00068406
0.00067657
0.00066907
0.00066158
0.00065408
0.00064659
0.00063909
0.0006316
0.0006241
0.00061661
0.00060911
0.00060162
0.00059412
0.0005865
0.00057876
0.00057102
0.00056328
0.00055555
0.00054781
0.00054007
0.00053233
0.00052459
0.00052131
0.00052152
0.00052173
0.00052195
0.00052216
0.00052233
0.00052233
0.00052233
0.00052233
0.00051698
0.00050833
0.00049969
0.00049105
0.0004824
0.00047376
0.00046511
0.00045647
0.00044783
0.00043918
0.00043054
0.0005256
0.0004698
0.00041063
0.00035146
0.00029229
0.00023312
0.00017396
0.00011479
5.562e-05
0.0
0.0
0.0
0.0
0.00015217
9.726e-05
0.0
0.0
0.0
0.0
0.0
0.0
0.0
0.0
0.0
0.0
0.0
0.0
0.0
0.0
0.0
0.0
0.0
0.0
0.0
0.0
0.0
0.0
0.0
0.0
0.0
0.0
0.0
0.0
0.0
0.0
0.0
0.0
0.0
0.0
0.0
0.0
0.0
0.0
0.0
0.0
0.0
0.0
0.0
0.0
0.0
0.0
0.0
0.0
0.0
0.0
0.0
0.0
0.0
0.0
0.0
0.0
0.0
0.0
0.0
0.0
0.0
0.0
0.0
0.0
0.0
0.0
0.0
0.0
0.0
0.0
0.0
0.0
0.0
0.0
0.0
0.0
0.0
0.0
0.0
0.0
0.0
0.0
0.0
0.0
0.0
0.0
0.0
0.0
0.0
0.0
0.0
0.0
0.0
0.0
0.0
0.0
0.0
0.0
0.0
0.0
0.0
0.0
0.0
0.0
0.0
0.0
0.0
0.0
0.0
0.0
0.0
0.0
0.0
0.0
0.0
0.0
0.0
0.0
0.0
0.0
0.0
0.0
0.0
0.0
0.0
0.0
0.0
0.0
0.0
0.0
0.0
0.0
0.0
0.0
0.0
0.0
0.0
0.0
0.0
0.0
0.0
0.0
0.0
0.0
0.0
0.0
0.0
