39.83343867
40.01965564
40.20587261
40.39208959
40.57830656
40.76452353
40.9507405
41.13695747
41.32317445
41.50939142
41.69560839
41.88183333
42.06805827
42.25428322
42.44050816
42.6267331
42.81295804
42.99918299
43.18540793
43.37163287
43.55785781
44.67798921
45.7981206
46.91825199
48.03838338
49.15851477
50.27864616
51.39877756
52.51890895
53.63904034
54.75917173
55.87931109
56.99945046
58.11958982
59.23972918
60.35986854
61.4800079
62.60014727
63.72028663
64.84042599
65.96056535
66.30852161
66.65647786
67.00443411
67.35239036
67.70034661
68.04830286
68.39625912
68.74421537
69.09217162
69.44012787
69.78809209
70.13605631
70.48402054
70.83198476
71.17994898
71.5279132
71.87587743
72.22384165
72.57180587
72.91977009
72.99731599
73.0748619
73.1524078
73.2299537
73.3074996
73.38504551
73.46259141
73.54013731
73.61768321
73.69522912
73.77277502
73.85032092
73.92786682
74.00541273
74.08295863
74.16050453
74.23805043
74.31559634
74.39314224
74.47068814
74.20169656
73.93270497
73.66371339
73.39472181
73.12573022
72.85673864
72.58774706
72.31875547
72.04976389
71.78077231
71.51178869
71.24280508
70.97382147
70.70483785
70.43585424
70.16687063
69.89788702
69.6289034
69.35991979
69.09093618
69.81556673
70.54019728
71.26482783
71.98945838
72.71408893
73.43871948
74.16335003
74.88798058
75.61261113
76.33724169
77.06188021
77.78651873
78.51115725
79.23579577
79.96043429
80.68507282
81.40971134
82.13434986
82.85898838
83.5836269
84.06752162
84.55141634
85.03531106
85.51920578
86.00310051
86.48699523
86.97088995
87.45478467
87.93867939
88.42257411
88.90654854
89.39052296
89.87449739
90.35847182
90.84244624
91.32642067
91.8103951
92.29436952
92.77834395
93.26231838
93.29436016
93.32640195
93.35844373
93.39048552
93.4225273
93.45456909
93.48661087
93.51865266
93.55069444
93.58273623
93.61477801
93.6468198
93.67886158
93.71090337
93.74294515
93.77498694
93.80702872
93.83907051
93.87111229
93.90315408
93.78550812
93.66786216
93.55021621
93.43257025
93.31492429
93.19727833
93.07963238
92.96198642
92.84434046
92.7266945
92.60912825
92.491562
92.37399575
92.2564295
92.13886325
92.02129699
91.90373074
91.78616449
91.66859824
91.55103199
91.59335584
91.63567969
91.67800354
91.72032739
91.76265124
91.80497509
91.84729894
91.88962279
91.93194664
91.97427049
92.01659434
92.0589182
92.10124205
92.1435659
92.18588975
92.2282136
92.27053745
92.3128613
92.35518515
92.397509
92.1140747
91.8306404
91.5472061
91.26377181
90.98033751
90.69690321
90.41346891
90.13003461
89.84660031
89.56316601
89.27973171
88.99629742
88.71286312
88.42942882
88.14599452
87.86256022
87.57912592
87.29569162
87.01225733
86.72882303
86.75042334
86.77202364
86.79362395
86.81522426
86.83682457
86.85842487
86.88002518
86.90162549
86.9232258
86.94482611
86.96650612
86.98818613
87.00986615
87.03154616
87.05322618
87.07490619
87.0965862
87.11826622
87.13994623
87.16162624
87.09977444
87.03792264
86.97607083
86.91421903
86.85236722
86.79051542
86.72866362
86.66681181
86.60496001
86.5431082
86.4812564
86.41940459
86.35755279
86.29570099
86.23384918
86.17199738
86.11014557
86.04829377
85.98644196
85.92459016
85.80455303
85.68451589
85.56447875
85.44444162
85.32440448
85.20436735
85.08433021
84.96429308
84.84425594
84.72421881
84.60418167
84.48414454
84.3641074
84.24407026
84.12403313
84.00399599
83.88395886
83.76392172
83.64388459
83.52384745
83.63934135
83.75483525
83.87032914
83.98582304
84.10131694
84.21681083
84.33230473
84.44779863
84.56329253
84.67878642
84.79436003
84.90993363
85.02550723
85.14108084
85.25665444
85.37222804
85.48780165
85.60337525
85.71894885
85.83452246
85.70364531
85.57276817
85.44189103
85.31101389
85.18013674
85.0492596
84.91838246
84.78750532
84.65662817
84.52575103
84.39487389
84.26399675
84.13311961
84.00224246
83.87136532
83.74048818
83.60961104
83.47873389
83.34785675
83.21697961
83.20263254
83.18828547
83.1739384
83.15959134
83.14524427
83.1308972
83.11655013
83.10220306
83.087856
83.07350893
83.05924157
83.0449742
83.03070684
83.01643948
83.00217212
82.98790476
82.97363739
82.95937003
82.94510267
82.93083531
82.7695902
82.6083451
82.4471
82.2858549
82.12460979
81.96336469
81.80211959
81.64087448
81.47962938
81.31838428
81.15713918
80.99589407
80.83464897
80.67340387
80.51215876
80.35091366
80.18966856
80.02842345
79.86717835
79.70593325
79.55984024
79.41374724
79.26765423
79.12156123
78.97546822
78.82937522
78.68328221
78.53718921
78.3910962
78.2450032
78.09891019
77.95281719
77.80672418
77.66063118
77.51453817
77.36844517
77.22235216
77.07625916
76.93016615
76.78407315
76.76230546
76.74053777
76.71877008
76.69700239
76.6752347
76.65346701
76.63169932
76.60993162
76.58816393
76.56639624
76.54462855
76.52286086
76.50109317
76.47932548
76.45755779
76.4357901
76.41402241
76.39225472
76.37048703
76.34871934
76.06566763
75.78261592
75.49956421
75.2165125
74.93346079
74.65040908
74.36735737
74.08430566
73.80125395
73.51820224
73.23515053
72.95209882
72.66904711
72.3859954
72.10294369
71.81989198
71.53684027
71.25378856
70.97073685
70.68768514
70.74031496
70.79294479
70.84557462
70.89820445
70.95083428
71.0034641
71.05609393
71.10872376
71.16135359
71.21398341
71.26661324
71.31924307
71.3718729
71.42450273
71.47713255
71.52976238
71.58239221
71.63502204
71.68765186
71.74028169
71.72405356
71.70782544
71.69159731
71.67536918
71.65914105
71.64291292
71.6266848
71.61045667
71.59422854
71.57800041
71.56178025
71.5455601
71.52933994
71.51311978
71.49689962
71.48067947
71.46445931
71.44823915
71.43201899
71.41579884
71.34006226
71.26432568
71.1885891
71.11285253
71.03711595
70.96137937
70.88564279
70.80990622
70.73416964
70.65843306
70.58269648
70.5069599
70.43122333
70.35548675
70.27975017
70.20401359
70.12827702
70.05254044
69.97680386
69.90106728
69.72530773
69.54954818
69.37378862
69.19802907
69.02226951
68.84650996
68.67075041
68.49499085
68.3192313
68.14347175
67.96772017
67.79196858
67.616217
67.44046542
67.26471383
67.08896225
66.91321067
66.73745909
66.5617075
66.38595592
66.40231955
66.41868318
66.4350468
66.45141043
66.46777406
66.48413769
66.50050132
66.51686494
66.53322857
66.5495922
66.56595583
66.58231946
66.59868309
66.61504671
66.63141034
66.64777397
66.6641376
66.68050123
66.69686485
66.71322848
66.56687245
66.42051641
66.27416038
66.12780434
65.98144831
65.83509227
65.68873624
65.5423802
65.39602417
65.24966814
65.1033121
64.95695607
64.81060003
64.664244
64.51788796
64.37153193
64.22517589
64.07881986
63.93246382
63.78610779
63.79359218
63.80107656
63.80856095
63.81604534
63.82352972
63.83101411
63.8384985
63.84598289
63.85346727
63.86095166
63.86843605
63.87592043
63.88340482
63.89088921
63.8983736
63.90585798
63.91334237
63.92082676
63.92831114
63.93579553
64.01802017
64.10024481
64.18246945
64.26469409
64.34691874
64.42914338
64.51136802
64.59359266
64.6758173
64.75804194
64.84026658
64.92249122
65.00471586
65.0869405
65.16916514
65.25138978
65.33361442
65.41583907
65.49806371
65.58028835
65.42113154
65.26197473
65.10281792
64.94366112
64.78450431
64.6253475
64.46619069
64.30703389
64.14787708
63.98872027
63.82956346
63.67040666
63.51124985
63.35209304
63.19293623
63.03377943
62.87462262
62.71546581
62.556309
62.3971522
62.05589124
61.71463029
61.37336934
61.03210838
60.69084743
60.34958648
60.00832552
59.66706457
59.32580362
58.98454266
58.64328968
58.3020367
57.96078372
57.61953073
57.27827775
56.93702477
56.59577179
56.2545188
55.91326582
55.57201284
55.64724727
55.7224817
55.79771613
55.87295056
55.94818499
56.02341942
56.09865385
56.17388828
56.24912271
56.32435714
56.39959157
56.474826
56.55006043
56.62529486
56.70052929
56.77576372
56.85099815
56.92623259
57.00146702
57.07670145
57.1858906
57.29507976
57.40426892
57.51345808
57.62264724
57.73183639
57.84102555
57.95021471
58.05940387
58.16859303
58.27779015
58.38698728
58.49618441
58.60538154
58.71457867
58.8237758
58.93297293
59.04217005
59.15136718
59.26056431
58.75263825
58.24471219
57.73678613
57.22886007
56.72093401
56.21300795
55.70508189
55.19715583
54.68922977
54.18130371
53.67337766
53.1654516
52.65752554
52.14959948
51.64167342
51.13374736
50.6258213
50.11789524
49.60996918
49.10204312
