19.53778205
19.53778205
19.53778205
19.53778205
19.53778205
19.53778205
19.53778205
19.53778205
19.53778205
19.53778205
19.53778205
19.53778205
19.53778205
19.53778205
19.53778205
19.53778205
19.53778205
19.53778205
8.90693005
8.69143981
7.67145266
7.67145266
26.86445032
26.86445032
26.86445032
26.86445032
26.86445032
26.86445032
26.86445032
26.86445032
26.86445032
26.86445032
26.86445032
26.86445032
26.86445032
26.86445032
26.86445032
26.86445032
26.86445032
26.86445032
26.86445032
25.85882918
25.85882918
25.85882918
25.85882918
25.85882918
23.56026659
23.56026659
23.56026659
23.56026659
23.56026659
23.56026659
19.82510237
19.82510237
19.82510237
32.17987631
48.26981447
48.26981447
48.26981447
48.26981447
48.26981447
48.26981447
48.26981447
48.26981447
48.26981447
48.26981447
48.26981447
48.26981447
48.26981447
48.26981447
48.26981447
48.26981447
48.26981447
48.26981447
48.26981447
47.12053317
47.12053317
47.12053317
47.12053317
47.12053317
47.12053317
47.12053317
47.12053317
46.97687301
46.97687301
22.12366497
22.98562594
22.98562594
29.45033323
29.45033323
36.48968118
36.48968118
43.52902912
50.99935755
50.99935755
50.99935755
50.99935755
50.99935755
50.99935755
50.99935755
50.99935755
50.99935755
50.99935755
50.99935755
50.99935755
50.99935755
52.14863885
52.14863885
52.14863885
52.14863885
52.14863885
52.14863885
52.14863885
52.14863885
52.14863885
52.14863885
52.14863885
52.14863885
52.14863885
52.14863885
52.14863885
52.14863885
52.14863885
52.14863885
52.14863885
7.18300811
7.18300811
3.95065446
3.95065446
3.95065446
3.95065446
2.28419658
2.28419658
2.28419658
2.28419658
2.28419658
2.28419658
2.28419658
2.28419658
2.28419658
2.28419658
2.28419658
2.28419658
2.28419658
1.5084317
1.5084317
1.5084317
1.5084317
1.5084317
1.5084317
1.5084317
1.5084317
1.5084317
1.5084317
1.5084317
1.5084317
1.5084317
1.5084317
1.5084317
1.5084317
1.5084317
0.63354131
0.63354131
0.63354131
0.86627078
0.90074922
0.90074922
0.90074922
0.90074922
0.90074922
0.90074922
0.90074922
0.90074922
0.90074922
0.90074922
0.90074922
0.98407211
0.98407211
0.98407211
0.98407211
0.98407211
0.98407211
0.98407211
0.98407211
0.98407211
0.98407211
0.98407211
0.98407211
0.98407211
0.98407211
0.98407211
0.98407211
0.98407211
0.98407211
0.98407211
0.77576488
1.07745122
1.07745122
1.07745122
1.07745122
1.07745122
1.07745122
1.07745122
2.32729463
2.32729463
3.64896812
3.64896812
3.64896812
3.64896812
4.42473299
4.42473299
4.42473299
4.42473299
4.42473299
4.42473299
5.1430338
5.1430338
5.1430338
5.1430338
5.1430338
5.1430338
6.32104713
6.32104713
6.32104713
6.32104713
6.32104713
8.76326989
8.76326989
8.76326989
8.76326989
8.76326989
22.55464545
22.55464545
22.55464545
22.55464545
22.55464545
22.55464545
22.55464545
22.55464545
22.55464545
22.55464545
22.55464545
22.55464545
22.55464545
22.55464545
22.55464545
22.55464545
22.55464545
22.55464545
22.55464545
13.50405524
15.946278
15.946278
15.946278
15.946278
15.946278
15.946278
15.946278
15.946278
15.946278
15.946278
15.946278
15.946278
15.946278
15.946278
15.946278
15.946278
15.946278
15.946278
15.946278
12.92941459
12.92941459
12.92941459
12.92941459
13.79137556
13.79137556
17.52653978
17.52653978
17.52653978
17.52653978
17.52653978
20.54340318
20.54340318
26.57712999
26.57712999
26.57712999
26.57712999
26.57712999
26.57712999
26.57712999
26.57712999
26.57712999
26.57712999
26.57712999
26.57712999
26.57712999
26.57712999
26.57712999
26.57712999
26.57712999
26.57712999
26.57712999
9.91255119
9.91255119
10.24296956
10.3722637
10.3722637
10.3722637
11.21985866
11.21985866
11.21985866
11.21985866
11.21985866
11.21985866
11.21985866
11.21985866
11.21985866
11.21985866
11.21985866
11.21985866
11.21985866
11.21985866
11.21985866
11.21985866
11.21985866
11.21985866
11.21985866
11.01873443
11.01873443
11.01873443
11.01873443
11.01873443
16.37725848
16.37725848
16.37725848
16.37725848
16.37725848
16.37725848
16.37725848
16.37725848
16.37725848
16.37725848
16.37725848
16.37725848
16.37725848
16.37725848
16.37725848
16.37725848
16.37725848
16.37725848
16.37725848
4.46783104
4.46783104
4.46783104
4.46783104
4.46783104
4.46783104
4.46783104
4.46783104
4.46783104
4.46783104
4.46783104
4.46783104
8.69143981
8.69143981
8.69143981
8.69143981
8.69143981
8.69143981
8.69143981
8.69143981
8.69143981
8.69143981
8.69143981
11.98125752
11.98125752
11.98125752
11.98125752
11.98125752
11.98125752
11.98125752
11.98125752
11.98125752
11.98125752
11.98125752
11.98125752
11.98125752
11.98125752
11.98125752
11.98125752
11.98125752
11.98125752
11.98125752
9.46720468
9.46720468
9.46720468
9.46720468
12.78575443
13.30293101
13.30293101
13.30293101
13.30293101
13.30293101
13.30293101
13.30293101
13.30293101
13.30293101
13.30293101
13.30293101
13.30293101
13.30293101
13.30293101
13.30293101
13.30293101
13.30293101
13.30293101
13.30293101
12.78575443
12.78575443
12.78575443
12.78575443
12.78575443
12.78575443
12.78575443
12.78575443
12.78575443
12.78575443
13.79137556
17.95752026
22.41098529
22.41098529
22.41098529
22.41098529
22.41098529
22.41098529
22.41098529
22.41098529
22.41098529
22.41098529
22.41098529
22.41098529
22.41098529
22.41098529
22.41098529
22.41098529
22.41098529
22.41098529
22.41098529
12.44097004
12.44097004
12.44097004
12.44097004
12.44097004
12.44097004
12.44097004
12.44097004
12.44097004
10.74578013
10.74578013
10.74578013
10.41536175
9.98438127
11.10493053
11.10493053
11.10493053
11.29168874
11.29168874
11.29168874
11.29168874
11.29168874
11.29168874
11.49281297
11.49281297
11.49281297
11.49281297
11.49281297
11.49281297
11.49281297
11.49281297
11.49281297
11.49281297
11.49281297
11.49281297
11.49281297
11.49281297
11.49281297
11.49281297
11.49281297
11.49281297
11.49281297
10.34353167
9.05059021
9.05059021
9.05059021
9.05059021
9.05059021
9.05059021
9.05059021
9.05059021
9.05059021
9.05059021
9.05059021
9.05059021
9.05059021
9.05059021
9.05059021
9.05059021
9.05059021
5.74640648
5.74640648
5.74640648
5.74640648
5.74640648
5.74640648
5.74640648
5.74640648
5.74640648
5.74640648
5.74640648
5.74640648
5.74640648
5.74640648
5.74640648
5.74640648
5.74640648
5.17176584
5.17176584
5.17176584
5.17176584
5.17176584
6.75202762
6.75202762
6.75202762
6.75202762
6.75202762
6.75202762
6.75202762
6.75202762
6.75202762
6.75202762
6.75202762
6.75202762
6.75202762
6.75202762
8.76326989
9.91255119
9.91255119
9.91255119
9.91255119
9.91255119
9.91255119
9.91255119
9.91255119
9.91255119
9.91255119
9.91255119
9.91255119
9.91255119
9.91255119
9.91255119
9.91255119
9.91255119
9.91255119
9.91255119
5.43035413
5.43035413
5.43035413
5.43035413
5.43035413
5.43035413
3.44784389
3.44784389
3.44784389
3.44784389
3.44784389
3.44784389
3.44784389
3.44784389
3.44784389
3.44784389
3.44784389
3.44784389
3.44784389
3.44784389
3.44784389
3.44784389
1.5946278
1.35040552
1.35040552
1.35040552
2.67207902
2.67207902
2.71517706
2.71517706
2.71517706
2.71517706
2.71517706
2.71517706
2.71517706
9.33791054
9.33791054
9.33791054
9.33791054
10.48719183
10.48719183
10.48719183
10.48719183
10.48719183
10.48719183
10.48719183
10.48719183
10.48719183
12.21111378
12.21111378
12.21111378
12.78575443
12.78575443
12.78575443
12.78575443
12.78575443
12.78575443
12.78575443
12.78575443
12.78575443
12.78575443
12.78575443
12.78575443
12.78575443
12.78575443
12.78575443
12.78575443
12.78575443
12.78575443
12.78575443
9.4815707
9.4815707
7.47032843
7.47032843
7.47032843
7.47032843
7.47032843
4.65458925
4.65458925
4.65458925
4.65458925
4.65458925
4.65458925
4.65458925
4.65458925
4.65458925
4.65458925
4.65458925
4.65458925
4.65458925
4.65458925
4.65458925
4.65458925
4.65458925
4.36726893
4.36726893
4.36726893
4.36726893
4.36726893
4.36726893
4.36726893
4.36726893
4.36726893
4.36726893
4.36726893
4.36726893
4.36726893
4.36726893
4.36726893
4.36726893
4.36726893
4.36726893
4.36726893
1.20099896
1.20099896
1.20099896
1.20099896
