6.83787279
6.83787279
6.83787279
6.83787279
6.83787279
6.83787279
6.83787279
6.83787279
6.83787279
10.06730215
10.06730215
10.06730215
10.06730215
10.06730215
10.06730215
10.06730215
10.06730215
10.06730215
10.06730215
10.06730215
10.06730215
10.06730215
10.06730215
10.06730215
10.06730215
10.06730215
10.06730215
10.06730215
7.38551465
7.38551465
7.38551465
7.38551465
7.38551465
7.38551465
7.38551465
7.38551465
12.32672327
12.32672327
12.32672327
12.32672327
12.32672327
12.32672327
12.32672327
12.32672327
12.32672327
12.32672327
12.32672327
12.32672327
12.32672327
12.32672327
12.32672327
12.32672327
12.32672327
12.32672327
12.32672327
2.6285534
2.6285534
2.6285534
2.6285534
2.6285534
5.18655302
5.18655302
5.18655302
5.18655302
5.18655302
5.18655302
5.18655302
5.18655302
5.18655302
5.18655302
5.18655302
5.18655302
5.18655302
5.18655302
5.18655302
5.18655302
5.18655302
5.18655302
5.18655302
1.94426672
1.94426672
1.94426672
1.94426672
1.94426672
0.0
0.0
0.0
0.0
0.0
0.0
0.0
0.0
0.0
0.0
0.0
0.0
0.0
0.0
0.0
0.0
0.0
0.0
0.0
0.0
0.0
0.0
0.0
0.0
5.65e-06
9.55121824
9.55121824
9.55121824
9.55121824
9.55121824
9.55121824
9.55121824
9.55121824
9.55121824
9.55121824
9.55121824
9.55121824
9.55121824
9.55121824
9.55121824
9.55121824
26.11658747
26.11658747
26.11658747
26.11658747
26.11658747
26.11658747
26.11658747
26.11658747
26.11658747
26.11658747
26.11658747
26.11658747
26.11658747
26.11658747
26.11658747
26.11658747
26.11658747
26.11658747
26.11658747
0.0
0.0
0.0
0.0
0.0
0.0
0.0
0.0
0.0
0.0
0.0
0.0
0.0
0.0
0.0
0.0
0.0
0.0
0.0
0.0
0.0
0.0
0.0
0.0
234.57007402
234.57007402
234.57007402
234.57007402
234.57007402
234.57007402
234.57007402
234.57007402
234.57007402
234.57007402
234.57007402
234.57007402
234.57007402
234.57007402
234.57007402
234.57007402
234.57007402
234.57007402
234.57007402
5.62028877
5.62028877
5.62028877
5.62028877
5.62028877
5.62028877
0.0
0.0
0.0
0.0
0.0
0.0
0.0
0.0
0.0
0.0
0.0
0.0
0.0
0.0
0.0
0.0
0.0
0.0
0.0
0.0
1.092e-05
1.092e-05
21.10556885
21.10556885
21.10556885
21.10556885
21.10556885
21.10556885
21.10556885
21.10556885
21.10556885
21.10556885
21.10556885
21.10556885
21.10556885
21.10556885
21.10556885
21.10556885
21.10556885
21.10556885
21.10556885
14.20851164
14.20851164
14.20851164
14.20851164
14.20851164
14.20851164
14.20851164
14.20851164
14.20851164
14.20851164
14.20851164
14.20851164
14.20851164
14.20851164
14.20851164
14.20851164
14.20851164
14.20851164
14.20851164
7.19478567
7.19478567
7.19478567
7.19478567
7.19478567
7.19478567
7.19478567
0.0
0.0
0.0
0.0
0.0
0.0
0.0
0.0
0.0
0.0
0.0
0.0
0.0
0.0
0.0
0.0
0.0
0.0
0.0
0.0
0.0
0.0
0.0
0.0
0.0
0.0
0.0
0.0
0.0
0.0
0.0
0.0
0.0
0.0
0.0
0.0
0.0
0.0
0.0
0.0
0.0
0.0
0.0
0.0
0.0
0.0
0.0
0.0
0.0
0.0
0.0
0.0
0.0
0.0
0.0
0.0
0.0
0.0
0.0
0.0
0.0
0.0
0.0
0.0
0.0
0.0
0.0
0.0
0.0
0.0
0.0
0.0
0.0
0.0
0.0
0.0
0.0
0.0
0.0
0.0
0.0
0.0
0.0
0.0
0.0
0.0
0.0
0.0
0.0
0.0
0.0
0.0
0.0
0.0
0.0
0.0
0.0
0.0
0.0
0.0
0.0
0.0
0.0
0.0
0.0
0.0
0.0
0.0
0.0
0.0
0.0
0.0
0.0
0.0
0.0
0.0
0.0
0.0
0.0
0.0
0.0
0.0
0.0
0.0
0.0
0.0
0.0
0.0
0.0
0.0
0.0
0.0
0.0
0.0
0.0
0.0
0.0
0.0
0.0
0.0
0.0
0.0
0.0
0.0
0.0
0.0
75.13127738
75.13127738
75.13127738
75.13127738
75.13127738
75.13127738
75.13127738
75.13127738
75.13127738
75.13127738
75.13127738
75.13127738
75.13127738
75.13127738
75.13127738
75.13127738
75.13127738
75.13127738
75.13127738
0.0
0.0
0.0
0.0
0.0
0.0
0.0
0.0
0.0
0.0
0.0
0.0
0.0
0.0
0.0
0.0
0.0
0.0
0.0
0.0
0.0
0.0
0.0
0.0
0.0
0.0
0.0
0.0
0.0
0.0
0.0
0.0
0.0
0.0
0.0
0.0
0.0
0.0
0.0
0.0
0.0
0.0
0.0
0.0
0.0
0.0
0.0
0.0
0.0
0.0
0.0
0.0
0.0
0.0
0.0
0.0
0.0
0.0
0.0
0.0
0.0
0.0
0.0
0.0
0.0
0.0
0.0
0.0
0.0
0.0
0.0
0.0
0.0
0.0
0.0
0.0
0.0
0.0
0.0
0.0
0.0
0.0
0.0
0.0
0.0
0.0
0.0
0.0
0.0
0.0
0.0
0.0
0.0
0.0
0.0
0.0
0.0
0.0
0.0
0.0
0.0
0.0
0.0
0.0
0.0
0.0
0.0
0.0
0.0
0.0
0.0
0.0
0.0
0.0
0.0
0.0
0.0
0.0
23.35393938
23.35393938
23.35393938
23.35393938
23.35393938
23.35393938
23.35393938
23.35393938
23.35393938
23.35393938
23.35393938
23.35393938
23.35393938
23.35393938
23.35393938
23.35393938
23.35393938
23.35393938
23.35393938
2.523e-05
2.523e-05
2.523e-05
2.523e-05
2.523e-05
67.690191
67.690191
67.690191
67.690191
67.690191
67.690191
67.690191
67.690191
67.690191
67.690191
67.690191
67.690191
67.690191
67.690191
67.690191
67.690191
67.690191
67.690191
67.690191
0.0
0.0
0.0
0.0
0.0
0.0
0.0
0.0
0.0
0.0
0.0
0.0
0.0
0.0
0.0
0.0
0.0
0.0
0.0
0.0
0.0
0.0
0.0
0.0
0.0
0.0
0.0
0.0
0.0
0.0
0.0
0.0
0.0
0.0
0.0
0.0
0.0
0.0
0.0
0.0
0.0
0.0
0.0
0.0
0.0
0.0
0.0
0.0
0.0
0.0
0.0
0.0
0.0
0.0
0.0
0.0
0.0
0.0
16.44200637
16.44200637
16.44200637
16.44200637
16.44200637
16.44200637
16.44200637
16.44200637
16.44200637
16.44200637
16.44200637
16.44200637
16.44200637
16.44200637
16.44200637
16.44200637
16.44200637
16.44200637
16.44200637
0.10167183
0.10167183
0.10167183
0.10167183
0.10167183
0.10167183
0.10167183
0.10167183
0.10167183
0.10167183
0.10167183
0.10167183
0.10167183
0.10167183
0.10167183
0.10167183
0.10167183
0.10167183
