0.0
0.0
3.1475277
3.1475277
4.17230416
4.17230416
4.17230416
4.17230416
4.17230416
4.17230416
5.48987389
5.48987389
5.48987389
5.48987389
5.48987389
5.48987389
5.48987389
5.48987389
5.48987389
5.48987389
5.48987389
5.48987389
5.48987389
5.48987389
5.48987389
5.48987389
5.48987389
5.48987389
5.48987389
1.35904878
1.35904878
0.15005655
15.88403512
15.88403512
15.88403512
15.88403512
15.88403512
15.88403512
15.88403512
15.88403512
15.88403512
15.88403512
15.88403512
15.88403512
15.88403512
15.88403512
15.88403512
15.88403512
15.88403512
15.88403512
15.88403512
0.05611871
0.05611871
0.05611871
0.05611871
0.05611871
0.05611871
0.05611871
0.05611871
0.05611871
0.05611871
0.05611871
0.05611871
0.05611871
0.05611871
0.05611871
0.05611871
0.0
0.0
0.0
0.0
0.0
0.0
0.0
0.0
28.30334984
28.30334984
28.30334984
28.30334984
28.30334984
28.30334984
28.30334984
28.30334984
28.30334984
28.30334984
28.30334984
28.30334984
28.30334984
28.30334984
28.30334984
28.30334984
28.30334984
28.30334984
28.30334984
22.69147875
0.0
0.0
49.04287343
49.04287343
202.51534797
202.51534797
202.51534797
202.51534797
202.51534797
202.51534797
202.51534797
202.51534797
202.51534797
202.51534797
202.51534797
202.51534797
202.51534797
202.51534797
202.51534797
202.51534797
202.51534797
202.51534797
202.51534797
18.37277795
18.37277795
18.37277795
18.37277795
18.37277795
18.37277795
18.37277795
18.37277795
18.37277795
18.37277795
18.37277795
18.37277795
18.37277795
18.37277795
18.37277795
18.37277795
3.2695249
3.2695249
3.2695249
3.2695249
3.2695249
18.64117179
37.57513685
37.57513685
37.57513685
37.57513685
37.57513685
37.57513685
37.57513685
37.57513685
37.57513685
37.57513685
37.57513685
37.57513685
37.57513685
37.57513685
37.57513685
37.57513685
37.57513685
37.57513685
37.57513685
3.40372181
0.08539804
3.19388663
3.19388663
3.19388663
3.19388663
3.19388663
3.19388663
3.19388663
3.19388663
3.19388663
3.19388663
3.19388663
3.19388663
3.19388663
3.19388663
3.19388663
3.19388663
3.19388663
3.19388663
3.19388663
3.14996764
3.14996764
3.14996764
3.14996764
0.99793708
0.99793708
0.99793708
0.99793708
0.99793708
0.99793708
0.99793708
0.99793708
9e-08
9e-08
9e-08
0.0
0.0
0.0
0.0
0.0
0.0
0.0
0.0
0.0
0.0
0.0
0.0
0.0
0.10125767
0.10125767
0.10125767
0.10125767
0.10125767
0.10125767
0.10125767
0.10125767
0.10125767
0.10125767
0.10125767
0.10125767
0.10125767
0.10125767
0.25863406
0.25863406
0.25863406
0.25863406
0.25863406
0.25863406
0.25863406
0.25863406
0.25863406
0.25863406
0.25863406
0.25863406
0.25863406
0.25863406
0.25863406
0.32695249
0.32695249
1.08333511
1.08333511
1.08333511
1.08333511
1.08333511
1.08333511
1.08333511
1.08333511
1.08333511
1.08333511
1.08333511
1.08333511
1.08333511
1.08333511
1.08333511
1.08333511
1.08333511
1.08333511
1.08333511
0.827141
0.827141
0.827141
0.827141
0.827141
0.827141
0.827141
0.827141
0.80274156
0.80274156
0.80274156
0.80274156
0.80274156
0.80274156
0.80274156
0.80274156
0.80274156
0.80274156
0.80274156
0.80274156
0.80274156
0.56362705
0.56362705
0.56362705
0.56362705
0.56362705
0.56362705
0.56362705
0.56362705
0.56362705
0.56362705
0.56362705
0.56362705
0.34891199
0.10711354
0.0
0.0
0.0
0.13395292
1.29317029
1.29317029
1.88851662
2.3813853
2.3813853
2.3813853
2.3813853
2.3813853
2.3813853
2.3813853
2.3813853
2.3813853
2.3813853
2.3813853
2.3813853
2.3813853
2.3813853
2.3813853
2.3813853
2.3813853
2.3813853
2.3813853
0.21959496
0.21959496
0.21959496
0.21959496
0.21959496
0.21959496
0.21959496
0.21959496
0.21959496
0.21959496
0.21959496
0.11345739
0.11345739
0.11345739
0.11345739
0.11345739
0.11345739
0.11345739
0.11345739
0.11345739
0.11345739
0.0
0.0
0.0
0.0348912
0.24106646
0.24106646
0.24106646
0.24106646
0.24106646
0.24106646
0.24106646
0.24106646
0.24106646
8.71059991
8.71059991
8.71059991
8.71059991
8.71059991
8.71059991
8.71059991
8.71059991
8.71059991
8.71059991
8.71059991
8.71059991
8.71059991
8.71059991
8.71059991
8.71059991
8.71059991
8.71059991
8.71059991
0.71978347
0.71978347
0.71978347
0.71978347
0.71978347
0.71978347
0.71978347
0.71978347
0.71978347
0.81494128
0.81494128
0.81494128
2.73273723
2.73273723
2.73273723
2.73273723
2.73273723
2.73273723
2.73273723
2.73273723
2.73273723
2.73273723
2.73273723
2.73273723
2.73273723
2.73273723
2.73273723
2.73273723
2.73273723
15.0056553
15.0056553
15.0056553
15.0056553
15.0056553
15.0056553
15.0056553
15.0056553
15.0056553
15.0056553
15.0056553
15.0056553
18.20198188
18.20198188
18.20198188
18.20198188
18.20198188
18.20198188
18.20198188
18.20198188
18.20198188
18.20198188
18.20198188
18.20198188
18.20198188
18.20198188
18.20198188
18.20198188
18.20198188
18.20198188
18.20198188
2.75713667
2.75713667
2.75713667
2.75713667
2.75713667
2.75713667
2.75713667
1.56400407
1.56400407
1.56400407
27.57136665
27.57136665
36.59915927
60.2666156
60.2666156
60.2666156
60.2666156
60.2666156
60.2666156
60.2666156
60.2666156
60.2666156
60.2666156
60.2666156
60.2666156
60.2666156
60.2666156
60.2666156
60.2666156
60.2666156
60.2666156
60.2666156
14.71286203
6.88064194
6.88064194
6.88064194
12.61451023
12.61451023
12.61451023
12.61451023
12.61451023
12.61451023
12.61451023
12.61451023
12.61451023
12.61451023
12.61451023
12.61451023
12.61451023
12.61451023
12.61451023
12.61451023
12.61451023
12.61451023
12.61451023
6.07546044
6.07546044
6.07546044
6.07546044
6.07546044
6.07546044
6.07546044
6.07546044
6.07546044
6.07546044
6.07546044
6.07546044
6.07546044
6.07546044
6.07546044
6.07546044
33.18323774
33.18323774
33.18323774
33.18323774
33.18323774
33.18323774
33.18323774
33.18323774
33.18323774
33.18323774
33.18323774
33.18323774
33.18323774
33.18323774
33.18323774
33.18323774
33.18323774
33.18323774
33.18323774
12.56327141
12.56327141
12.56327141
12.56327141
12.56327141
12.56327141
12.56327141
12.56327141
0.51238823
0.51238823
7.31983185
7.31983185
7.31983185
7.31983185
7.31983185
7.31983185
7.31983185
7.31983185
7.31983185
7.31983185
7.31983185
7.31983185
7.31983185
7.31983185
7.31983185
7.31983185
7.31983185
7.31983185
7.31983185
5.66066997
5.66066997
5.66066997
5.66066997
5.66066997
5.66066997
5.66066997
5.66066997
5.66066997
5.66066997
5.66066997
5.66066997
5.66066997
5.66066997
5.66066997
5.66066997
5.68506941
5.68506941
5.68506941
5.68506941
5.68506941
5.68506941
5.68506941
5.68506941
5.68506941
5.68506941
5.68506941
5.68506941
5.68506941
5.68506941
5.68506941
5.68506941
5.68506941
5.68506941
5.68506941
5.29467837
5.29467837
5.29467837
5.29467837
5.29467837
5.29467837
5.29467837
0.30499299
0.30499299
0.30499299
0.30499299
0.30499299
0.0390391
0.0390391
0.0390391
0.0390391
0.0
0.0
0.0
0.0
0.0
0.0
0.0
0.0
4.0747064
4.0747064
4.0747064
4.0747064
4.0747064
4.0747064
4.0747064
4.24550248
4.24550248
4.24550248
4.24550248
4.24550248
4.24550248
4.24550248
4.24550248
4.24550248
4.24550248
4.24550248
4.24550248
4.24550248
4.24550248
4.24550248
4.24550248
4.24550248
4.24550248
4.24550248
3.87951088
6.49025091
6.49025091
6.49025091
6.49025091
6.49025091
6.49025091
6.49025091
6.49025091
6.49025091
6.49025091
6.49025091
6.49025091
6.49025091
6.49025091
6.49025091
6.49025091
6.49025091
6.49025091
6.49025091
1.82019819
1.82019819
1.82019819
4.53829575
4.53829575
4.53829575
4.53829575
4.53829575
4.53829575
4.53829575
4.53829575
4.53829575
4.53829575
4.53829575
4.53829575
4.53829575
4.53829575
4.53829575
4.53829575
4.53829575
4.53829575
4.53829575
0.70026391
0.70026391
0.70026391
