12.70291724
17.49476502
17.49476502
17.49476502
17.49476502
63.28855562
63.28855562
63.28855562
63.28855562
63.28855562
63.28855562
63.28855562
63.28855562
63.28855562
63.28855562
63.28855562
63.28855562
63.28855562
63.28855562
63.28855562
63.28855562
63.28855562
63.28855562
63.28855562
42.04168338
42.04168338
42.04168338
44.30198893
44.30198893
44.30198893
44.30198893
44.30198893
44.30198893
44.30198893
44.30198893
44.30198893
44.30198893
44.30198893
44.30198893
44.30198893
44.30198893
44.30198893
44.30198893
44.30198893
44.30198893
44.30198893
26.21954447
26.21954447
26.21954447
26.21954447
26.21954447
26.21954447
26.21954447
26.21954447
26.21954447
26.21954447
26.21954447
38.42519448
38.42519448
38.42519448
38.42519448
38.42519448
38.42519448
38.42519448
38.42519448
38.42519448
38.42519448
38.42519448
38.42519448
38.42519448
38.42519448
38.42519448
38.42519448
38.42519448
38.42519448
38.42519448
1.16179706
5.92200056
5.92200056
5.92200056
5.92200056
5.92200056
5.92200056
5.92200056
7.41380223
7.41380223
7.41380223
36.16488893
36.16488893
36.16488893
36.16488893
36.16488893
36.16488893
36.16488893
36.16488893
36.16488893
36.16488893
36.16488893
36.16488893
36.16488893
36.16488893
52.93635617
52.93635617
52.93635617
52.93635617
52.93635617
52.93635617
52.93635617
52.93635617
52.93635617
52.93635617
52.93635617
52.93635617
52.93635617
52.93635617
52.93635617
52.93635617
52.93635617
52.93635617
52.93635617
45.3869356
45.3869356
45.3869356
45.3869356
45.3869356
45.3869356
36.93339282
36.93339282
36.93339282
36.93339282
36.93339282
36.93339282
36.93339282
36.93339282
36.93339282
25.72227725
20.56878058
20.56878058
20.56878058
20.56878058
21.29207836
21.29207836
21.29207836
21.29207836
21.29207836
21.29207836
21.29207836
36.16488893
36.16488893
36.16488893
36.16488893
36.16488893
36.16488893
36.16488893
36.16488893
36.16488893
36.16488893
36.16488893
36.16488893
36.16488893
36.16488893
36.16488893
36.16488893
40.32385115
40.32385115
40.32385115
40.32385115
40.32385115
40.32385115
40.32385115
40.32385115
40.32385115
40.32385115
40.32385115
40.32385115
40.32385115
40.32385115
40.32385115
40.32385115
40.32385115
40.32385115
40.32385115
26.58119336
26.58119336
28.93191114
28.93191114
28.93191114
28.93191114
28.93191114
28.93191114
28.93191114
28.93191114
35.2607667
35.2607667
35.2607667
35.2607667
35.2607667
35.2607667
35.2607667
35.2607667
35.2607667
38.37998837
38.37998837
38.37998837
38.37998837
38.37998837
38.37998837
38.37998837
38.37998837
38.37998837
38.37998837
38.37998837
38.37998837
38.37998837
38.37998837
38.37998837
38.37998837
38.37998837
38.37998837
38.37998837
37.20462948
37.20462948
37.20462948
37.20462948
37.20462948
37.20462948
17.8112078
17.8112078
17.8112078
17.8112078
17.8112078
17.8112078
17.8112078
17.8112078
17.8112078
17.8112078
17.8112078
17.8112078
17.8112078
17.8112078
17.8112078
17.8112078
17.8112078
10.08096279
10.08096279
10.08096279
10.08096279
10.08096279
10.08096279
10.08096279
10.08096279
10.08096279
10.08096279
10.08096279
10.08096279
10.08096279
10.08096279
10.08096279
10.08096279
10.08096279
10.08096279
10.08096279
4.79184778
4.79184778
4.79184778
4.79184778
4.79184778
4.79184778
4.79184778
4.79184778
4.79184778
4.79184778
4.79184778
4.79184778
4.79184778
4.79184778
4.79184778
4.79184778
4.79184778
1.08042606
0.85891611
0.85891611
0.76850389
0.76850389
0.76850389
0.62384433
0.62384433
0.62384433
0.09041222
0.09041222
0.09041222
0.09041222
0.09041222
0.09041222
0.09041222
0.09041222
0.09041222
0.09041222
0.09041222
0.09041222
0.09041222
0.09041222
0.09041222
0.09041222
0.09041222
0.09041222
0.09041222
0.0
0.0
0.0
0.0
0.0
0.0
0.0
0.0
0.0
0.0
0.0
0.0
0.0
0.0
0.0
0.0
0.0
0.0
0.0
0.0
0.0
0.0
0.0
0.76398328
0.76398328
0.76398328
0.76398328
0.76398328
0.76398328
0.76398328
0.76398328
0.76398328
0.76398328
0.76398328
0.76398328
0.76398328
0.76398328
0.76398328
0.76398328
0.76398328
0.76398328
0.76398328
0.64192678
0.64192678
0.64192678
0.99453445
0.99453445
0.99453445
0.99453445
0.99453445
0.99453445
0.99453445
0.99453445
0.99453445
1.44659556
1.44659556
1.44659556
1.44659556
1.44659556
1.44659556
1.44659556
1.44659556
1.44659556
1.44659556
1.44659556
1.44659556
1.44659556
1.44659556
1.44659556
1.44659556
1.44659556
1.44659556
1.44659556
0.18082444
0.18082444
0.18082444
0.18082444
0.18082444
0.18082444
0.18082444
0.18082444
0.18082444
0.18082444
0.18082444
0.18082444
0.18082444
0.18082444
0.18082444
0.0
0.0
0.0
0.23507178
0.23507178
0.23507178
0.23507178
0.23507178
0.23507178
0.23507178
0.23507178
0.23507178
0.23507178
0.55603517
0.58315883
0.58315883
0.58315883
0.58315883
0.58315883
0.58315883
0.58315883
0.58315883
0.58315883
0.58315883
0.58315883
0.58315883
0.58315883
0.58315883
0.58315883
0.58315883
0.58315883
0.58315883
0.58315883
0.47466417
0.47466417
0.47466417
0.47466417
0.0
0.0
0.0
0.0
0.0
1.11207033
1.11207033
1.11207033
1.11207033
1.11207033
1.11207033
1.11207033
1.11207033
1.11207033
1.11207033
1.11207033
1.11207033
1.11207033
1.11207033
1.11207033
1.11207033
1.11207033
9.04122223
9.04122223
9.04122223
9.04122223
9.04122223
9.04122223
9.04122223
9.04122223
9.04122223
9.04122223
9.04122223
9.04122223
9.04122223
9.04122223
9.04122223
9.04122223
9.04122223
9.04122223
9.04122223
9.04122223
9.04122223
9.04122223
9.04122223
9.04122223
9.04122223
9.04122223
9.04122223
9.04122223
9.04122223
9.04122223
1.35618333
1.35618333
1.35618333
1.35618333
1.35618333
1.35618333
1.35618333
1.35618333
1.35618333
1.35618333
1.35618333
1.35618333
1.35618333
1.35618333
1.35618333
0.0
0.0
0.0
0.0
0.0
0.0
0.0
0.0
0.0
0.19031773
0.19031773
0.19031773
0.27123667
0.27123667
0.27123667
0.52439089
0.52439089
0.52439089
0.52439089
0.52439089
0.52439089
0.52439089
0.52439089
0.52439089
0.52439089
0.52439089
0.52439089
0.52439089
0.52439089
4.79184778
4.79184778
4.79184778
4.79184778
4.79184778
4.79184778
4.79184778
4.79184778
4.79184778
4.79184778
4.79184778
4.79184778
4.79184778
4.79184778
4.79184778
4.79184778
4.79184778
4.79184778
4.79184778
0.13561833
0.13561833
0.13561833
0.0
0.0
0.0
0.0
0.0
0.0
0.0
0.0
0.0
7.63983279
7.63983279
7.63983279
7.63983279
7.63983279
7.63983279
7.63983279
7.63983279
7.63983279
7.63983279
7.63983279
7.63983279
7.63983279
7.63983279
7.63983279
7.63983279
7.63983279
7.63983279
7.63983279
6.64529834
4.83705389
4.83705389
4.83705389
4.83705389
4.83705389
4.83705389
4.83705389
4.83705389
0.90412222
0.90412222
0.90412222
0.90412222
0.90412222
0.90412222
0.90412222
0.90412222
0.90412222
0.90412222
0.90412222
0.90412222
0.90412222
0.90412222
0.31644278
0.31644278
1.08494667
1.13015278
1.25672989
1.25672989
1.25672989
1.25672989
1.25672989
1.25672989
1.25672989
1.25672989
1.25672989
1.25672989
1.25672989
1.25672989
1.25672989
1.25672989
1.39234822
1.39234822
1.39234822
1.39234822
1.39234822
2.89319111
2.89319111
2.89319111
2.89319111
2.89319111
2.89319111
2.89319111
2.89319111
2.89319111
2.89319111
2.89319111
2.89319111
2.89319111
2.89319111
2.89319111
2.89319111
2.89319111
2.89319111
2.89319111
1.20700317
1.71783222
1.71783222
1.71783222
1.71783222
1.71783222
1.71783222
1.71783222
1.71783222
1.71783222
1.71783222
1.71783222
1.71783222
1.71783222
1.71783222
1.71783222
1.71783222
1.71783222
1.71783222
1.71783222
0.2847985
0.2847985
0.2847985
0.2847985
0.2847985
0.2847985
0.2847985
0.2847985
0.2847985
0.2847985
0.2847985
0.2847985
0.2847985
0.2847985
0.2847985
0.2847985
3.7e-07
3.7e-07
