5.32535589
5.44681137
5.56826686
5.68972234
5.81117783
5.93263331
6.0540888
6.17554428
6.29699977
6.41845525
6.53991074
6.69873714
6.85756355
7.01638995
7.17521635
7.33404276
7.49286916
7.65169557
7.81052197
7.96934837
8.12817478
8.2309448
8.33371483
8.43648485
8.53925488
8.64202491
8.74479493
8.84756496
8.95033498
9.05310501
9.15587504
10.11817619
11.08047734
12.04277849
13.00507964
13.96738079
14.92968195
15.8919831
16.85428425
17.8165854
18.77888655
29.74725114
40.71561572
51.6839803
62.65234488
73.62070947
84.58907405
95.55743863
106.52580322
117.4941678
128.46253238
117.43811142
106.41369046
95.3892695
84.36484854
73.34042758
62.31600662
51.29158566
40.2671647
29.24274374
18.21832277
17.88198451
17.54564624
17.20930797
16.87296971
16.53663144
16.20029317
15.86395491
15.52761664
15.19127838
14.85494011
15.01376651
15.17259292
15.33141932
15.49024572
15.64907213
15.80789853
15.96672493
16.12555134
16.28437774
16.44320415
16.60203055
16.76085695
16.91968336
17.07850976
17.23733616
17.39616257
17.55498897
17.71381537
17.87264178
18.03146818
18.19029459
18.34912099
18.50794739
18.6667738
18.8256002
18.9844266
19.14325301
19.30207941
19.46090582
19.61973222
45.94754431
72.2753564
98.60316849
124.93098058
151.25879268
177.58660477
203.91441686
230.24222895
256.57004104
282.89785313
262.11027971
241.32270629
220.53513287
199.74755945
178.95998602
158.1724126
137.38483918
116.59726576
95.80969233
75.02211891
69.90230308
64.78248724
59.6626714
54.54285557
49.42303973
44.3032239
39.18340806
34.06359222
28.94377639
23.82396055
23.9641015
24.10424244
24.24438338
24.38452433
24.52466527
24.66480622
24.80494716
24.94508811
25.08522905
25.22537
25.33748275
25.44959551
25.56170826
25.67382102
25.78593377
25.89804653
26.01015928
26.12227204
26.2343848
26.34649755
26.43058212
26.51466668
26.59875125
26.68283582
26.76692038
26.85100495
26.93508952
27.01917408
27.10325865
27.18734322
27.26208505
27.33682689
27.41156873
27.48631057
27.5610524
27.63579424
27.71053608
27.78527791
27.86001975
27.93476159
27.98147524
28.02818888
28.07490253
28.12161618
28.16832983
28.21504348
28.26175712
28.30847077
28.35518442
28.40189807
28.43926899
28.47663991
28.51401082
28.55138174
28.58875266
28.62612358
28.6634945
28.70086542
28.73823634
28.77560725
28.78494998
28.79429271
28.80363544
28.81297817
28.8223209
28.83166363
28.84100636
28.85034909
28.85969182
28.86903455
28.86903455
28.86903455
28.86903455
28.86903455
28.86903455
28.86903455
28.86903455
28.86903455
28.86903455
28.86903455
28.9157482
28.96246185
29.00917549
29.05588914
29.10260279
29.14931644
29.19603009
29.24274374
29.28945738
29.33617103
29.26142919
29.18668736
29.11194552
29.03720368
28.96246185
28.88772001
28.81297817
28.73823634
28.6634945
28.58875266
28.53269628
28.47663991
28.42058353
28.36452715
28.30847077
28.25241439
28.19635802
28.14030164
28.08424526
28.02818888
28.00950342
27.99081797
27.97213251
27.95344705
27.93476159
27.91607613
27.89739067
27.87870521
27.86001975
27.84133429
27.86936248
27.89739067
27.92541886
27.95344705
27.98147524
28.00950342
28.03753161
28.0655598
28.09358799
28.12161618
28.24307167
28.36452715
28.48598264
28.60743812
28.72889361
28.85034909
28.97180458
29.09326006
29.21471555
29.33617103
29.58842473
29.84067843
30.09293213
30.34518583
30.59743953
30.84969323
31.10194693
31.35420063
31.60645433
31.85870803
32.31650178
32.77429553
33.23208929
33.68988304
34.14767679
34.60547054
35.06326429
35.52105805
35.9788518
36.43664555
37.17472119
37.91279683
38.65087247
39.38894811
40.12702375
40.86509939
41.60317503
42.34125067
43.07932631
43.81740196
44.86378767
45.91017339
46.95655911
48.00294483
49.04933055
50.09571627
51.14210198
52.1884877
53.23487342
54.28125914
55.69201131
57.10276349
58.51351566
59.92426783
61.33502001
62.74577218
64.15652436
65.56727653
66.9780287
68.38878088
82.65512902
96.92147716
111.1878253
125.45417344
139.72052159
153.98686973
168.25321787
182.51956601
196.78591415
211.0522623
204.06390053
197.07553877
190.08717701
183.09881525
176.11045349
169.12209173
162.13372996
155.1453682
148.15700644
141.16864468
140.01948893
138.87033319
137.72117745
136.5720217
135.42286596
134.27371021
133.12455447
131.97539872
130.82624298
129.67708724
131.96605599
134.25502475
136.54399351
138.83296227
141.12193103
143.41089979
145.69986855
147.98883731
150.27780607
152.56677482
154.76231629
156.95785775
159.15339921
161.34894067
163.54448214
165.7400236
167.93556506
170.13110652
172.32664799
174.52218945
176.35336446
178.18453946
180.01571447
181.84688948
183.67806449
185.50923949
187.3404145
189.17158951
191.00276451
192.83393952
196.23469311
199.63544669
203.03620027
206.43695386
209.83770744
213.23846103
216.63921461
220.0399682
223.44072178
226.84147537
228.69133583
230.5411963
232.39105677
234.24091723
236.0907777
237.94063816
239.79049863
241.6403591
243.49021956
245.34008003
242.5559466
239.77181317
236.98767974
234.20354631
231.41941288
228.63527946
225.85114603
223.0670126
220.28287917
217.49874574
217.18109293
216.86344012
216.54578732
216.22813451
215.9104817
215.59282889
215.27517609
214.95752328
214.63987047
214.32221767
213.57479929
212.82738092
212.07996255
211.33254418
210.58512581
209.83770744
209.09028907
208.3428707
207.59545233
206.84803396
205.69887822
204.54972247
203.40056673
202.25141099
201.10225524
199.9530995
198.80394375
197.65478801
196.50563226
195.35647652
193.97375254
192.59102855
191.20830457
189.82558058
188.4428566
187.06013261
185.67740863
184.29468464
182.91196066
181.52923667
179.95031536
178.37139406
176.79247275
175.21355144
173.63463014
172.05570883
170.47678752
168.89786621
167.31894491
165.7400236
164.11438864
162.48875369
160.86311873
159.23748378
157.61184882
155.98621387
154.36057891
152.73494396
151.109309
149.48367405
148.00752277
146.53137148
145.0552202
143.57906892
142.10291764
140.62676636
139.15061508
137.6744638
136.19831252
134.72216123
132.98441352
131.24666581
129.5089181
127.77117039
126.03342268
124.29567497
122.55792726
120.82017955
119.08243184
117.34468413
115.8218192
114.29895427
112.77608934
111.25322441
109.73035948
108.20749455
106.68462962
105.16176469
103.63889976
102.11603483
100.79870996
99.48138508
98.1640602
96.84673532
95.52941045
94.21208557
92.89476069
91.57743581
90.26011094
88.94278606
87.69086029
86.43893452
85.18700875
83.93508298
82.68315721
81.43123144
80.17930567
78.9273799
77.67545413
76.42352836
75.33042899
74.23732962
73.14423026
72.05113089
70.95803152
69.86493216
68.77183279
67.67873342
66.58563406
65.49253469
64.548919
63.60530331
62.66168761
61.71807192
60.77445623
59.83084054
58.88722484
57.94360915
56.99999346
56.05637777
55.22487483
54.39337189
53.56186896
52.73036602
51.89886308
51.06736015
50.23585721
49.40435427
48.57285134
47.7413484
47.04064368
46.33993895
45.63923423
44.93852951
44.23782479
43.53712007
42.83641534
42.13571062
41.4350059
40.73430118
40.10833829
39.48237541
38.85641252
38.23044964
37.60448675
36.97852387
36.35256098
35.7265981
35.10063521
34.47467233
33.95147947
33.42828661
32.90509375
32.38190089
31.85870803
31.33551517
30.81232231
30.28912945
29.76593659
29.24274374
28.78494998
28.32715623
27.86936248
27.41156873
26.95377498
26.49598122
26.03818747
25.58039372
25.12259997
24.66480622
24.29109703
23.91738785
23.54367866
23.16996948
22.79626029
22.42255111
22.04884192
21.67513274
21.30142355
20.92771437
20.61940429
20.31109421
20.00278413
19.69447406
19.38616398
19.0778539
18.76954382
18.46123374
18.15292367
17.84461359
17.64841627
17.45221895
17.25602162
17.0598243
16.86362698
16.66742966
16.47123233
16.27503501
16.07883769
15.88264037
15.59301575
15.30339113
15.01376651
14.72414189
14.43451728
14.14489266
13.85526804
13.56564342
13.2760188
12.98639418
12.79019686
12.59399954
12.39780222
12.20160489
12.00540757
11.80921025
11.61301293
11.41681561
11.22061828
11.02442096
10.88428002
10.74413907
10.60399813
10.46385718
10.32371624
10.18357529
10.04343435
9.90329341
9.76315246
9.62301152
9.48287057
9.34272963
9.20258868
9.06244774
8.92230679
8.78216585
8.64202491
8.50188396
8.36174302
8.22160207
8.09080386
7.96000564
7.82920743
7.69840921
7.567611
7.43681278
7.30601457
7.17521635
7.04441814
6.91361992
6.82019263
6.72676533
6.63333804
6.53991074
6.44648344
6.35305615
6.25962885
6.16620155
6.07277426
5.97934696
