0.0
0.0
0.0
0.0
0.0
0.0
0.0
0.0
0.0
0.0
0.0
0.0
0.0
0.0
0.0
0.0
0.0
0.0
0.0
0.0
0.0
0.0
0.0
0.0
0.0
0.0
0.0
0.0
0.0
0.0
0.0
0.0
0.0
0.0
0.0
0.0
0.0
0.0
0.0
0.0
0.0
0.0
0.0
0.0
0.0
0.0
0.0
0.0
0.0
0.0
0.0
0.0
0.0
0.0
0.0
0.0
0.0
0.0
0.0
0.0
0.0
0.0
0.0
0.0
0.0
0.0
0.0
0.0
0.0
0.0
0.0
0.0
0.0
0.0
0.0
0.0
0.0
0.0
0.0
0.0
0.0
0.0
0.0
0.0
0.0
0.0
0.0
0.0
0.0
0.0
0.0
9.621e-05
0.0004089
0.0
0.0
0.0
0.0
0.0
0.0
0.0
0.00086125
0.00084651
0.00061267
0.00037883
0.00014498
0.0
0.0
0.0
0.0
0.00097671
0.00128367
0.00121036
0.00112817
0.00119609
0.00126401
0.00133193
0.00139985
0.00146777
0.00153569
0.00160361
0.00167153
0.00173944
0.00180736
0.00187528
0.0019432
0.00201112
0.00207904
0.00216517
0.00228999
0.00241481
0.00253962
0.00266444
0.00278926
0.00291408
0.00303889
0.00316371
0.00328853
0.00341335
0.00353816
0.00366298
0.0037878
0.00391262
0.00414673
0.00444232
0.00473791
0.00503349
0.00532908
0.00562467
0.00592026
0.00621585
0.00651144
0.00680703
0.00710261
0.0073982
0.00769379
0.00798938
0.00828497
0.00944203
0.00967186
0.01014794
0.01062402
0.0111001
0.01157618
0.01250739
0.01379621
0.01434666
0.01462428
0.01490503
0.01592161
0.0169292
0.01790519
0.01919878
0.02038784
0.02142624
0.02230141
0.02387727
0.0259441
0.0267648
0.02779018
0.03047403
0.03171639
0.03322054
0.03443483
0.0369418
0.03939697
0.04206771
0.04354253
0.04620958
0.04889649
0.05149656
0.05485881
0.05832926
0.06114135
0.06482409
0.06885933
0.07165873
0.07580445
0.08131902
0.08456876
0.08956519
0.09545696
0.0996681
0.10567489
0.11083698
0.11648955
0.12289273
0.12874127
0.13544234
0.14197041
0.14900356
0.15618813
0.16435073
0.17214717
0.18023411
0.18842711
0.19597897
0.20575179
0.21423883
0.22346203
0.23445066
0.24214666
0.2543312
0.26379549
0.27444245
0.28584291
0.29677509
0.30843117
0.32123564
0.33382947
0.3460061
0.35727139
0.37611229
0.38849569
0.40143609
0.41749632
0.43263227
0.44773231
0.46428972
0.48019644
0.49584292
0.51251445
0.53167479
0.54756828
0.57108614
0.58886459
0.60778358
0.62577764
0.64449261
0.66313642
0.68205745
0.69975753
0.7166131
0.73413034
0.75135285
0.76955973
0.78647738
0.80321652
0.81985193
0.83736035
0.85175163
0.86818016
0.88244815
0.89435356
0.90870521
0.91878348
0.92996004
0.94094234
0.95107483
0.95992552
0.9688556
0.97435586
0.98221499
0.98620839
0.99041258
0.99370382
0.99742156
0.99774022
0.99911556
0.99967002
0.99836253
0.99795947
0.9965856
0.99567541
0.99015845
0.9857548
0.98123121
0.97355938
0.96865371
0.96132102
0.95367773
0.9445288
0.9384451
0.92810687
0.91958554
0.90949528
0.89899477
0.88997266
0.87906116
0.86795313
0.85664034
0.84414591
0.83248772
0.82094929
0.80886498
0.79621069
0.78369957
0.77075215
0.75689574
0.74421615
0.731833
0.71872254
0.70548868
0.69249555
0.67920418
0.66536777
0.65280744
0.63908684
0.62637955
0.61420049
0.59943172
0.58726119
0.57524678
0.56291004
0.54900553
0.5367376
0.52368615
0.51246798
0.50135975
0.48931087
0.47740661
0.46454901
0.45254453
0.44147623
0.43051816
0.41971991
0.40956939
0.39998069
0.38896183
0.37863731
0.36791998
0.3577251
0.34945178
0.34004711
0.33075013
0.32192538
0.31428518
0.30534758
0.29691031
0.28856462
0.28057755
0.27264416
0.26471246
0.25709247
0.25069054
0.24448932
0.23690102
0.22995274
0.22376975
0.21751397
0.21180503
0.20578741
0.19999652
0.19420562
0.18820298
0.18296457
0.1779477
0.17304786
0.168527
0.16308016
0.15823036
0.15397139
0.14936806
0.14508848
0.1408089
0.13634046
0.13271719
0.1296528
0.12555517
0.12138913
0.11794217
0.11445254
0.11082781
0.1076282
0.10447892
0.10135267
0.09765013
0.0950118
0.09252471
0.08964322
0.08682352
0.08425094
0.08167836
0.07910578
0.07675753
0.07455884
0.07234024
0.06888706
0.06748851
0.06547451
0.06293
0.06143986
0.05951081
0.0575122
0.05625969
0.05469468
0.05306638
0.05145496
0.04983484
0.04822754
0.04675527
0.045283
0.04381073
0.04258255
0.04079888
0.03980108
0.03841227
0.0371916
0.03661767
0.03542068
0.03394197
0.03283403
0.03262789
0.03131841
0.03042368
0.02920794
0.02797364
0.02702387
0.02660851
0.02575504
0.02496212
0.02454584
0.02385211
0.02327501
0.02188567
0.02168896
0.02097366
0.02027893
0.01958419
0.01888946
0.01857087
0.01754231
0.01733636
0.01690138
0.01645357
0.01598215
0.01544567
0.01480306
0.01445254
0.01412302
0.01370384
0.01328466
0.01286548
0.0124463
0.0121223
0.01188708
0.01145192
0.01101675
0.01058159
0.01030334
0.01026842
0.01001949
0.00974554
0.00938288
0.00902022
0.00865756
0.00840166
0.0082112
0.00802073
0.00783027
0.00763981
0.00744935
0.00723408
0.00697067
0.00670726
0.00644384
0.00618043
0.00604405
0.00592834
0.00581263
0.00569693
0.00558122
0.00546551
0.00534981
0.0052341
0.00511839
0.00500269
0.00488698
0.00477127
0.00465557
0.00453986
0.00442677
0.00431609
0.00420541
0.00409473
0.00398405
0.00387337
0.00376269
0.00365201
0.00354133
0.00343065
0.00331997
0.00320929
0.00309861
0.00298793
0.00288665
0.00282295
0.00275926
0.00269556
0.00263186
0.00256816
0.00250447
0.00244077
0.00237707
0.00231337
0.00224968
0.00218598
0.00212228
0.00205859
0.00199489
0.00194523
0.00189748
0.00184973
0.00180198
0.00175423
0.00170648
0.00165873
0.00161098
0.00156323
0.00151548
0.00146773
0.00141999
0.00137224
0.00132449
0.00128928
0.00126316
0.00123704
0.00121092
0.0011848
0.00115868
0.00113256
0.00110644
0.00108032
0.0010542
0.00102808
0.00100196
0.00097584
0.00094972
0.00092407
0.00089952
0.00087496
0.00085041
0.00082586
0.0008013
0.00077675
0.00075219
0.00072764
0.00070309
0.00067853
0.00065398
0.00062942
0.00060487
0.00058078
0.00056779
0.0005548
0.00054181
0.00052882
0.00051583
0.00050284
0.00048985
0.00047686
0.00046387
0.00045088
0.00043789
0.0004249
0.00041191
0.00039891
5.281e-05
0.0
0.0
0.0
5.43e-05
0.00022399
0.00039368
0.00043719
0.00041572
0.00039424
0.00037276
0.00035129
0.00032981
0.00030833
0.00029883
0.00029953
0.00030022
0.00030092
0.00030162
0.00030218
0.00030218
0.00015796
0.0
0.0
0.0
0.0
0.0
0.0
0.0
0.0
0.0
0.0
0.0
0.0
0.0
0.0
0.0
0.0
0.0
0.0
0.0
0.0
0.0
0.0
0.0
0.0
0.0
0.0
0.0
0.0
0.0
0.0
0.0
0.0
0.0
0.0
0.0
0.0
0.0
0.0
0.0
0.0
0.0
0.0
0.0
0.0
0.0
0.0
0.0
0.0
0.0
0.0
0.0
0.0
0.0
0.0
0.0
0.0
0.0
0.0
0.0
0.0
0.0
0.0
0.0
0.0
0.0
0.0
0.0
0.0
0.0
0.0
0.0
0.0
0.0
0.0
0.0
0.0
0.0
0.0
0.0
0.0
0.0
0.0
0.0
