3.9393024
4.00150191
4.06370142
4.12590093
4.18810045
4.25029996
4.31249947
4.37469898
4.43689849
4.499098
4.56129751
4.62349703
4.68569654
4.74789605
4.81009556
4.87229507
4.93449458
4.9966941
5.05889361
5.12109312
5.18329263
5.22475897
5.26622531
5.30769165
5.34915799
5.39062434
5.43209068
5.47355702
5.51502336
5.5564897
5.59795604
5.68088872
5.76382141
5.84675409
5.92968677
6.01261945
6.09555213
6.17848482
6.2614175
6.34435018
6.42728286
6.67608091
6.92487895
7.173677
7.42247505
7.67127309
7.92007114
8.16886919
8.41766723
8.66646528
8.91526332
8.81159747
8.70793162
8.60426577
8.50059991
8.39693406
8.29326821
8.18960236
8.0859365
7.98227065
7.8786048
7.96153748
8.04447016
8.12740284
8.21033553
8.29326821
8.37620089
8.45913357
8.54206626
8.62499894
8.70793162
8.83233064
8.95672967
9.08112869
9.20552771
9.32992674
9.45432576
9.57872478
9.7031238
9.82752283
9.95192185
10.03278122
10.11364058
10.19449995
10.27535931
10.35621868
10.43707804
10.51793741
10.59879677
10.67965614
10.7605155
10.90564769
11.05077989
11.19591208
11.34104428
11.48617647
11.63130866
11.77644086
11.92157305
12.06670524
12.21183744
12.522835
12.83383255
13.14483011
13.45582767
13.76682523
14.07782278
14.38882034
14.6998179
15.01081546
15.32181302
15.42547887
15.52914472
15.63281057
15.73647643
15.84014228
15.94380813
16.04747398
16.15113984
16.25480569
16.35847154
15.90234179
15.44621204
14.99008229
14.53395254
14.07782278
13.62169303
13.16556328
12.70943353
12.25330378
11.79717403
13.28996231
14.78275058
16.27553886
17.76832714
19.26111542
20.75390369
22.24669197
23.73948025
25.23226853
26.7250568
25.43960023
24.15414366
22.86868709
21.58323051
20.29777394
19.01231737
17.7268608
16.44140422
15.15594765
13.87049108
13.3749683
12.87944553
12.38392275
11.88839998
11.3928772
10.89735443
10.40183165
9.90630888
9.4107861
8.91526332
12.33208983
15.74891633
19.16574283
22.58256933
25.99939584
29.41622234
32.83304884
36.24987534
39.66670184
43.08352835
41.46841436
39.85330038
38.23818639
36.62307241
35.00795843
33.39284444
31.77773046
30.16261648
28.54750249
26.93238851
25.62619877
24.32000902
23.01381928
21.70762954
20.40143979
19.09525005
17.78906031
16.48287057
15.17668082
13.87049108
12.77370636
11.67692164
10.58013692
9.4833522
8.38656748
7.28978276
6.19299804
5.09621331
3.99942859
2.90264387
2.92337704
2.94411021
2.96484338
2.98557656
3.00630973
3.0270429
3.04777607
3.06850924
3.08924241
3.10997558
3.46243948
3.81490338
4.16736728
4.51983117
4.87229507
5.22475897
5.57722287
5.92968677
6.28215067
6.63461457
9.74044351
12.84627246
15.9521014
19.05793034
22.16375929
25.26958823
28.37541718
31.48124612
34.58707507
37.69290401
45.58394871
53.47499341
61.36603811
69.25708281
77.14812751
85.03917222
92.93021692
100.82126162
108.71230632
116.60335102
105.54427786
94.48520471
83.42613155
72.36705839
61.30798524
50.24891208
39.18983892
28.13076577
17.07169261
6.01261945
5.84675409
5.68088872
5.51502336
5.34915799
5.18329263
5.01742727
4.8515619
4.68569654
4.51983117
4.35396581
6.69474076
9.03551571
11.37629067
13.71706562
16.05784057
18.39861552
20.73939047
23.08016543
25.42094038
27.76171533
25.42094038
23.08016543
20.73939047
18.39861552
16.05784057
13.71706562
11.37629067
9.03551571
6.69474076
4.35396581
4.33323264
4.31249947
4.2917663
4.27103313
4.25029996
4.22956679
4.20883362
4.18810045
4.16736728
4.1466341
4.18810045
4.22956679
4.27103313
4.31249947
4.35396581
4.39543215
4.43689849
4.47836483
4.51983117
4.56129751
4.58203069
4.60276386
4.62349703
4.6442302
4.66496337
4.68569654
4.70642971
4.72716288
4.74789605
4.76862922
4.83082873
4.89302824
4.95522775
5.01742727
5.07962678
5.14182629
5.2040258
5.26622531
5.32842482
5.39062434
5.9089536
6.42728286
6.94561213
7.46394139
7.98227065
8.50059991
9.01892918
9.53725844
10.0555877
10.57391697
11.87803339
13.18214982
14.48626624
15.79038267
17.0944991
18.39861552
19.70273195
21.00684837
22.3109648
23.61508123
24.4630679
25.31105457
26.15904125
27.00702792
27.8550146
28.70300127
29.55098795
30.39897462
31.24696129
32.09494797
33.19380601
34.29266404
35.39152208
36.49038012
37.58923816
38.6880962
39.78695423
40.88581227
41.98467031
43.08352835
50.31111159
57.53869483
64.76627808
71.99386132
79.22144457
86.44902781
93.67661106
100.9041943
108.13177754
115.35936079
156.49189779
197.62443479
238.75697179
279.88950879
321.02204579
362.15458279
403.28711979
444.41965679
485.55219379
526.68473079
485.65585964
444.62698849
403.59811735
362.5692462
321.54037505
280.5115039
239.48263276
198.45376161
157.42489046
116.39601931
127.93195539
139.46789147
151.00382755
162.53976363
174.07569971
185.61163579
197.14757187
208.68350794
220.21944402
231.7553801
270.36054362
308.96570713
347.57087064
386.17603415
424.78119767
463.38636118
501.99152469
540.59668821
579.20185172
617.80701523
585.58144829
553.35588135
521.1303144
488.90474746
456.67918052
424.45361357
392.22804663
360.00247969
327.77691274
295.5513458
335.4191594
375.286973
415.15478659
455.02260019
494.89041379
534.75822739
574.62604099
614.49385458
654.36166818
694.22948178
664.07515857
633.92083536
603.76651216
573.61218895
543.45786574
513.30354253
483.14921932
452.99489612
422.84057291
392.6862497
377.83715297
362.98805624
348.13895951
333.28986279
318.44076606
303.59166933
288.7425726
273.89347587
259.04437914
244.19528242
236.34570406
228.4961257
220.64654734
212.79696898
204.94739062
197.09781226
189.2482339
181.39865554
173.54907718
165.69949882
171.54003295
177.38056709
183.22110123
189.06163536
194.9021695
200.74270363
206.58323777
212.42377191
218.26430604
224.10484018
211.40784655
198.71085292
186.0138593
173.31686567
160.61987204
147.92287841
135.22588478
122.52889115
109.83189753
97.1349039
95.33319138
93.53147886
91.72976634
89.92805382
88.12634131
86.32462879
84.52291627
82.72120375
80.91949123
79.11777871
77.93806131
76.75834391
75.57862651
74.3989091
73.2191917
72.0394743
70.8597569
69.68003949
68.50032209
67.32060469
66.4705447
65.6204847
64.77042471
63.92036472
63.07030473
62.22024474
61.37018475
60.52012476
59.67006476
58.82000477
58.19800966
57.57601454
56.95401943
56.33202431
55.71002919
55.08803408
54.46603896
53.84404385
53.22204873
52.60005362
52.10453084
51.60900806
51.11348529
50.61796251
50.12243974
49.62691696
49.13139419
48.63587141
48.14034864
47.64482586
47.10576343
46.56670099
46.02763856
45.48857613
44.94951369
44.41045126
43.87138883
43.33232639
42.79326396
42.25420153
42.1298025
42.00540348
41.88100446
41.75660543
41.63220641
41.50780739
41.38340836
41.25900934
41.13461032
41.01021129
40.59554788
40.18088447
39.76622106
39.35155765
38.93689424
38.52223083
38.10756742
37.69290401
37.2782406
36.86357719
36.65624548
36.44891378
36.24158207
36.03425037
35.82691866
35.61958696
35.41225525
35.20492355
34.99759184
34.79026014
35.28785623
35.78545232
36.28304841
36.78064451
37.2782406
37.77583669
38.27343278
38.77102888
39.26862497
39.76622106
39.51742302
39.26862497
39.01982692
38.77102888
38.52223083
38.27343278
38.02463474
37.77583669
37.52703865
37.2782406
36.38878758
35.49933457
34.60988155
33.72042854
32.83097552
31.94152251
31.05206949
30.16261648
29.27316346
28.38371045
27.61658314
26.84945583
26.08232852
25.31520121
24.5480739
23.78094659
23.01381928
22.24669197
21.47956466
20.71243735
20.33924028
19.96604321
19.59284614
19.21964907
18.84645201
18.47325494
18.10005787
17.7268608
17.35366373
16.98046666
16.85606763
16.73166861
16.60726959
16.48287057
16.35847154
16.23407252
16.1096735
15.98527447
15.86087545
15.73647643
15.6120774
15.48767838
15.36327936
15.23888033
15.11448131
14.99008229
14.86568326
14.74128424
14.61688522
14.4924862
14.45101985
14.40955351
14.36808717
14.32662083
14.28515449
14.24368815
14.20222181
14.16075547
14.11928913
14.07782278
14.01562327
13.95342376
13.89122425
13.82902474
13.76682523
13.70462572
13.6424262
13.58022669
13.51802718
13.45582767
13.4350945
13.41436133
13.39362816
13.37289499
13.35216182
13.33142865
13.31069548
13.28996231
13.26922913
13.24849596
13.18629645
13.12409694
13.06189743
12.99969792
12.93749841
12.87529889
12.81309938
12.75089987
12.68870036
12.62650085
