0.0
0.0
0.0
0.0
0.0
0.0
0.0
0.0
0.0
0.0
0.0
0.001
0.002
0.003
0.004
0.005
0.006
0.007
0.008
0.009
0.01
0.011
0.012
0.013
0.014
0.015
0.016
0.017
0.018
0.019
0.02
0.023
0.026
0.029
0.032
0.035
0.038
0.041
0.044
0.047
0.05
0.056
0.062
0.068
0.074
0.08
0.086
0.092
0.098
0.104
0.11
0.124
0.138
0.152
0.166
0.18
0.194
0.208
0.222
0.236
0.25
0.281
0.312
0.343
0.374
0.405
0.436
0.467
0.498
0.529
0.56
0.624
0.688
0.752
0.816
0.88
0.944
1.008
1.072
1.136
1.2
1.317
1.434
1.551
1.668
1.785
1.902
2.019
2.136
2.253
2.37
2.557
2.744
2.931
3.118
3.305
3.492
3.679
3.866
4.053
4.24
4.533
4.826
5.119
5.412
5.705
5.998
6.291
6.584
6.877
7.17
7.664
8.158
8.652
9.146
9.64
10.134
10.628
11.122
11.616
12.11
12.669
13.228
13.787
14.346
14.905
15.464
16.023
16.582
17.141
17.7
17.817
17.934
18.051
18.168
18.285
18.402
18.519
18.636
18.753
18.87
18.441
18.012
17.583
17.154
16.725
16.296
15.867
15.438
15.009
14.58
14.112
13.644
13.176
12.708
12.24
11.772
11.304
10.836
10.368
9.9
9.663
9.426
9.189
8.952
8.715
8.478
8.241
8.004
7.767
7.53
7.379
7.228
7.077
6.926
6.775
6.624
6.473
6.322
6.171
6.02
5.929
5.838
5.747
5.656
5.565
5.474
5.383
5.292
5.201
5.11
5.116
5.122
5.128
5.134
5.14
5.146
5.152
5.158
5.164
5.17
5.235
5.3
5.365
5.43
5.495
5.56
5.625
5.69
5.755
5.82
5.915
6.01
6.105
6.2
6.295
6.39
6.485
6.58
6.675
6.77
6.881
6.992
7.103
7.214
7.325
7.436
7.547
7.658
7.769
7.88
7.986
8.092
8.198
8.304
8.41
8.516
8.622
8.728
8.834
8.94
9.028
9.116
9.204
9.292
9.38
9.468
9.556
9.644
9.732
9.82
9.89
9.96
10.03
10.1
10.17
10.24
10.31
10.38
10.45
10.52
10.574
10.628
10.682
10.736
10.79
10.844
10.898
10.952
11.006
11.06
11.105
11.15
11.195
11.24
11.285
11.33
11.375
11.42
11.465
11.51
11.552
11.594
11.636
11.678
11.72
11.762
11.804
11.846
11.888
11.93
11.974
12.018
12.062
12.106
12.15
12.194
12.238
12.282
12.326
12.37
12.416
12.462
12.508
12.554
12.6
12.646
12.692
12.738
12.784
12.83
12.878
12.926
12.974
13.022
13.07
13.118
13.166
13.214
13.262
13.31
13.358
13.406
13.454
13.502
13.55
13.598
13.646
13.694
13.742
13.79
13.837
13.884
13.931
13.978
14.025
14.072
14.119
14.166
14.213
14.26
14.302
14.344
14.386
14.428
14.47
14.512
14.554
14.596
14.638
14.68
14.72
14.76
14.8
14.84
14.88
14.92
14.96
15.0
15.04
15.08
15.114
15.148
15.182
15.216
15.25
15.284
15.318
15.352
15.386
15.42
15.45
15.48
15.51
15.54
15.57
15.6
15.63
15.66
15.69
15.72
15.745
15.77
15.795
15.82
15.845
15.87
15.895
15.92
15.945
15.97
15.991
16.012
16.033
16.054
16.075
16.096
16.117
16.138
16.159
16.18
16.199
16.218
16.237
16.256
16.275
16.294
16.313
16.332
16.351
16.37
16.383
16.396
16.409
16.422
16.435
16.448
16.461
16.474
16.487
16.5
16.505
16.51
16.515
16.52
16.525
16.53
16.535
16.54
16.545
16.55
16.545
16.54
16.535
16.53
16.525
16.52
16.515
16.51
16.505
16.5
16.482
16.464
16.446
16.428
16.41
16.392
16.374
16.356
16.338
16.32
16.288
16.256
16.224
16.192
16.16
16.128
16.096
16.064
16.032
16.0
15.954
15.908
15.862
15.816
15.77
15.724
15.678
15.632
15.586
15.54
15.482
15.424
15.366
15.308
15.25
15.192
15.134
15.076
15.018
14.96
14.891
14.822
14.753
14.684
14.615
14.546
14.477
14.408
14.339
14.27
14.191
14.112
14.033
13.954
13.875
13.796
13.717
13.638
13.559
13.48
13.394
13.308
13.222
13.136
13.05
12.964
12.878
12.792
12.706
12.62
12.529
12.438
12.347
12.256
12.165
12.074
11.983
11.892
11.801
11.71
11.617
11.524
11.431
11.338
11.245
11.152
11.059
10.966
10.873
10.78
10.687
10.594
10.501
10.408
10.315
10.222
10.129
10.036
9.943
9.85
9.758
9.666
9.574
9.482
9.39
9.298
9.206
9.114
9.022
8.93
8.841
8.752
8.663
8.574
8.485
8.396
8.307
8.218
8.129
8.04
7.956
7.872
7.788
7.704
7.62
7.536
7.452
7.368
7.284
7.2
7.122
7.044
6.966
6.888
6.81
6.732
6.654
6.576
6.498
6.42
6.347
6.274
6.201
6.128
6.055
5.982
5.909
5.836
5.763
5.69
5.623
5.556
5.489
5.422
5.355
5.288
5.221
5.154
5.087
5.02
4.96
4.9
4.84
4.78
4.72
4.66
4.6
4.54
4.48
4.42
4.366
4.312
4.258
4.204
4.15
4.096
4.042
3.988
3.934
3.88
3.831
3.782
3.733
3.684
3.635
3.586
3.537
3.488
3.439
3.39
3.346
3.302
3.258
3.214
3.17
3.126
3.082
3.038
2.994
2.95
2.911
2.872
2.833
2.794
2.755
2.716
2.677
2.638
2.599
2.56
2.526
2.492
2.458
2.424
2.39
2.356
2.322
2.288
2.254
2.22
2.19
2.16
2.13
2.1
2.07
2.04
2.01
1.98
1.95
1.92
1.893
1.866
1.839
1.812
1.785
1.758
1.731
1.704
1.677
1.65
