0.01
0.012
0.014
0.016
0.018
0.02
0.022
0.024
0.026
0.028
0.03
0.041
0.052
0.063
0.074
0.085
0.096
0.107
0.118
0.129
0.14
0.187
0.234
0.281
0.328
0.375
0.422
0.469
0.516
0.563
0.61
0.811
1.012
1.213
1.414
1.615
1.816
2.017
2.218
2.419
2.62
3.201
3.782
4.363
4.944
5.525
6.106
6.687
7.268
7.849
8.43
9.238
10.046
10.854
11.662
12.47
13.278
14.086
14.894
15.702
16.51
16.649
16.788
16.927
17.066
17.205
17.344
17.483
17.622
17.761
17.9
17.236
16.572
15.908
15.244
14.58
13.916
13.252
12.588
11.924
11.26
10.728
10.196
9.664
9.132
8.6
8.068
7.536
7.004
6.472
5.94
5.677
5.414
5.151
4.888
4.625
4.362
4.099
3.836
3.573
3.31
3.204
3.098
2.992
2.886
2.78
2.674
2.568
2.462
2.356
2.25
2.232
2.214
2.196
2.178
2.16
2.142
2.124
2.106
2.088
2.07
2.092
2.114
2.136
2.158
2.18
2.202
2.224
2.246
2.268
2.29
2.329
2.368
2.407
2.446
2.485
2.524
2.563
2.602
2.641
2.68
2.727
2.774
2.821
2.868
2.915
2.962
3.009
3.056
3.103
3.15
3.199
3.248
3.297
3.346
3.395
3.444
3.493
3.542
3.591
3.64
3.694
3.748
3.802
3.856
3.91
3.964
4.018
4.072
4.126
4.18
4.245
4.31
4.375
4.44
4.505
4.57
4.635
4.7
4.765
4.83
4.904
4.978
5.052
5.126
5.2
5.274
5.348
5.422
5.496
5.57
5.653
5.736
5.819
5.902
5.985
6.068
6.151
6.234
6.317
6.4
6.487
6.574
6.661
6.748
6.835
6.922
7.009
7.096
7.183
7.27
7.351
7.432
7.513
7.594
7.675
7.756
7.837
7.918
7.999
8.08
8.145
8.21
8.275
8.34
8.405
8.47
8.535
8.6
8.665
8.73
8.778
8.826
8.874
8.922
8.97
9.018
9.066
9.114
9.162
9.21
9.243
9.276
9.309
9.342
9.375
9.408
9.441
9.474
9.507
9.54
9.561
9.582
9.603
9.624
9.645
9.666
9.687
9.708
9.729
9.75
9.766
9.782
9.798
9.814
9.83
9.846
9.862
9.878
9.894
9.91
9.925
9.94
9.955
9.97
9.985
10.0
10.015
10.03
10.045
10.06
10.08
10.1
10.12
10.14
10.16
10.18
10.2
10.22
10.24
10.26
10.285
10.31
10.335
10.36
10.385
10.41
10.435
10.46
10.485
10.51
10.541
10.572
10.603
10.634
10.665
10.696
10.727
10.758
10.789
10.82
10.855
10.89
10.925
10.96
10.995
11.03
11.065
11.1
11.135
11.17
11.208
11.246
11.284
11.322
11.36
11.398
11.436
11.474
11.512
11.55
11.587
11.624
11.661
11.698
11.735
11.772
11.809
11.846
11.883
11.92
11.958
11.996
12.034
12.072
12.11
12.148
12.186
12.224
12.262
12.3
12.338
12.376
12.414
12.452
12.49
12.528
12.566
12.604
12.642
12.68
12.719
12.758
12.797
12.836
12.875
12.914
12.953
12.992
13.031
13.07
13.115
13.16
13.205
13.25
13.295
13.34
13.385
13.43
13.475
13.52
13.574
13.628
13.682
13.736
13.79
13.844
13.898
13.952
14.006
14.06
14.124
14.188
14.252
14.316
14.38
14.444
14.508
14.572
14.636
14.7
14.776
14.852
14.928
15.004
15.08
15.156
15.232
15.308
15.384
15.46
15.552
15.644
15.736
15.828
15.92
16.012
16.104
16.196
16.288
16.38
16.481
16.582
16.683
16.784
16.885
16.986
17.087
17.188
17.289
17.39
17.501
17.612
17.723
17.834
17.945
18.056
18.167
18.278
18.389
18.5
18.601
18.702
18.803
18.904
19.005
19.106
19.207
19.308
19.409
19.51
19.611
19.712
19.813
19.914
20.015
20.116
20.217
20.318
20.419
20.52
20.62
20.72
20.82
20.92
21.02
21.12
21.22
21.32
21.42
21.52
21.606
21.692
21.778
21.864
21.95
22.036
22.122
22.208
22.294
22.38
22.449
22.518
22.587
22.656
22.725
22.794
22.863
22.932
23.001
23.07
23.114
23.158
23.202
23.246
23.29
23.334
23.378
23.422
23.466
23.51
23.53
23.55
23.57
23.59
23.61
23.63
23.65
23.67
23.69
23.71
23.706
23.702
23.698
23.694
23.69
23.686
23.682
23.678
23.674
23.67
23.638
23.606
23.574
23.542
23.51
23.478
23.446
23.414
23.382
23.35
23.296
23.242
23.188
23.134
23.08
23.026
22.972
22.918
22.864
22.81
22.73
22.65
22.57
22.49
22.41
22.33
22.25
22.17
22.09
22.01
21.912
21.814
21.716
21.618
21.52
21.422
21.324
21.226
21.128
21.03
20.918
20.806
20.694
20.582
20.47
20.358
20.246
20.134
20.022
19.91
19.788
19.666
19.544
19.422
19.3
19.178
19.056
18.934
18.812
18.69
18.56
18.43
18.3
18.17
18.04
17.91
17.78
17.65
17.52
17.39
17.256
17.122
16.988
16.854
16.72
16.586
16.452
16.318
16.184
16.05
15.914
15.778
15.642
15.506
15.37
15.234
15.098
14.962
14.826
14.69
14.557
14.424
14.291
14.158
14.025
13.892
13.759
13.626
13.493
13.36
13.228
13.096
12.964
12.832
12.7
12.568
12.436
12.304
12.172
12.04
11.916
11.792
11.668
11.544
11.42
11.296
11.172
11.048
10.924
10.8
10.682
10.564
10.446
10.328
10.21
10.092
9.974
9.856
9.738
9.62
9.512
9.404
9.296
9.188
9.08
8.972
8.864
8.756
8.648
8.54
8.443
8.346
8.249
8.152
8.055
7.958
7.861
7.764
7.667
7.57
7.481
7.392
7.303
7.214
7.125
7.036
6.947
6.858
6.769
6.68
