0.0
0.001
0.002
0.003
0.004
0.005
0.006
0.007
0.008
0.009
0.01
0.01
0.01
0.01
0.01
0.01
0.01
0.01
0.01
0.01
0.01
0.011
0.012
0.013
0.014
0.015
0.016
0.017
0.018
0.019
0.02
0.022
0.024
0.026
0.028
0.03
0.032
0.034
0.036
0.038
0.04
0.043
0.046
0.049
0.052
0.055
0.058
0.061
0.064
0.067
0.07
0.078
0.086
0.094
0.102
0.11
0.118
0.126
0.134
0.142
0.15
0.163
0.176
0.189
0.202
0.215
0.228
0.241
0.254
0.267
0.28
0.305
0.33
0.355
0.38
0.405
0.43
0.455
0.48
0.505
0.53
0.569
0.608
0.647
0.686
0.725
0.764
0.803
0.842
0.881
0.92
0.982
1.044
1.106
1.168
1.23
1.292
1.354
1.416
1.478
1.54
1.638
1.736
1.834
1.932
2.03
2.128
2.226
2.324
2.422
2.52
2.684
2.848
3.012
3.176
3.34
3.504
3.668
3.832
3.996
4.16
4.383
4.606
4.829
5.052
5.275
5.498
5.721
5.944
6.167
6.39
6.54
6.69
6.84
6.99
7.14
7.29
7.44
7.59
7.74
7.89
7.858
7.826
7.794
7.762
7.73
7.698
7.666
7.634
7.602
7.57
7.438
7.306
7.174
7.042
6.91
6.778
6.646
6.514
6.382
6.25
6.141
6.032
5.923
5.814
5.705
5.596
5.487
5.378
5.269
5.16
5.081
5.002
4.923
4.844
4.765
4.686
4.607
4.528
4.449
4.37
4.317
4.264
4.211
4.158
4.105
4.052
3.999
3.946
3.893
3.84
3.826
3.812
3.798
3.784
3.77
3.756
3.742
3.728
3.714
3.7
3.718
3.736
3.754
3.772
3.79
3.808
3.826
3.844
3.862
3.88
3.918
3.956
3.994
4.032
4.07
4.108
4.146
4.184
4.222
4.26
4.313
4.366
4.419
4.472
4.525
4.578
4.631
4.684
4.737
4.79
4.852
4.914
4.976
5.038
5.1
5.162
5.224
5.286
5.348
5.41
5.474
5.538
5.602
5.666
5.73
5.794
5.858
5.922
5.986
6.05
6.115
6.18
6.245
6.31
6.375
6.44
6.505
6.57
6.635
6.7
6.764
6.828
6.892
6.956
7.02
7.084
7.148
7.212
7.276
7.34
7.404
7.468
7.532
7.596
7.66
7.724
7.788
7.852
7.916
7.98
8.046
8.112
8.178
8.244
8.31
8.376
8.442
8.508
8.574
8.64
8.707
8.774
8.841
8.908
8.975
9.042
9.109
9.176
9.243
9.31
9.381
9.452
9.523
9.594
9.665
9.736
9.807
9.878
9.949
10.02
10.094
10.168
10.242
10.316
10.39
10.464
10.538
10.612
10.686
10.76
10.837
10.914
10.991
11.068
11.145
11.222
11.299
11.376
11.453
11.53
11.615
11.7
11.785
11.87
11.955
12.04
12.125
12.21
12.295
12.38
12.47
12.56
12.65
12.74
12.83
12.92
13.01
13.1
13.19
13.28
13.375
13.47
13.565
13.66
13.755
13.85
13.945
14.04
14.135
14.23
14.327
14.424
14.521
14.618
14.715
14.812
14.909
15.006
15.103
15.2
15.3
15.4
15.5
15.6
15.7
15.8
15.9
16.0
16.1
16.2
16.299
16.398
16.497
16.596
16.695
16.794
16.893
16.992
17.091
17.19
17.285
17.38
17.475
17.57
17.665
17.76
17.855
17.95
18.045
18.14
18.228
18.316
18.404
18.492
18.58
18.668
18.756
18.844
18.932
19.02
19.096
19.172
19.248
19.324
19.4
19.476
19.552
19.628
19.704
19.78
19.84
19.9
19.96
20.02
20.08
20.14
20.2
20.26
20.32
20.38
20.422
20.464
20.506
20.548
20.59
20.632
20.674
20.716
20.758
20.8
20.82
20.84
20.86
20.88
20.9
20.92
20.94
20.96
20.98
21.0
20.997
20.994
20.991
20.988
20.985
20.982
20.979
20.976
20.973
20.97
20.944
20.918
20.892
20.866
20.84
20.814
20.788
20.762
20.736
20.71
20.662
20.614
20.566
20.518
20.47
20.422
20.374
20.326
20.278
20.23
20.163
20.096
20.029
19.962
19.895
19.828
19.761
19.694
19.627
19.56
19.48
19.4
19.32
19.24
19.16
19.08
19.0
18.92
18.84
18.76
18.666
18.572
18.478
18.384
18.29
18.196
18.102
18.008
17.914
17.82
17.716
17.612
17.508
17.404
17.3
17.196
17.092
16.988
16.884
16.78
16.668
16.556
16.444
16.332
16.22
16.108
15.996
15.884
15.772
15.66
15.543
15.426
15.309
15.192
15.075
14.958
14.841
14.724
14.607
14.49
14.372
14.254
14.136
14.018
13.9
13.782
13.664
13.546
13.428
13.31
13.194
13.078
12.962
12.846
12.73
12.614
12.498
12.382
12.266
12.15
12.037
11.924
11.811
11.698
11.585
11.472
11.359
11.246
11.133
11.02
10.913
10.806
10.699
10.592
10.485
10.378
10.271
10.164
10.057
9.95
9.848
9.746
9.644
9.542
9.44
9.338
9.236
9.134
9.032
8.93
8.835
8.74
8.645
8.55
8.455
8.36
8.265
8.17
8.075
7.98
7.892
7.804
7.716
7.628
7.54
7.452
7.364
7.276
7.188
7.1
7.02
6.94
6.86
6.78
6.7
6.62
6.54
6.46
6.38
6.3
6.227
6.154
6.081
6.008
5.935
5.862
5.789
5.716
5.643
5.57
5.502
5.434
5.366
5.298
5.23
5.162
5.094
5.026
4.958
4.89
4.827
4.764
4.701
4.638
4.575
4.512
4.449
4.386
4.323
4.26
4.206
4.152
4.098
4.044
3.99
3.936
3.882
3.828
3.774
3.72
3.673
3.626
3.579
3.532
3.485
3.438
3.391
3.344
3.297
3.25
3.208
3.166
3.124
3.082
3.04
2.998
2.956
2.914
2.872
2.83
