0.0
0.0
0.0
0.0
0.0
0.0
0.0
0.0
0.0
0.0
0.0
0.0
0.0
0.0
0.0
0.0
0.0
0.0
0.0
0.0
0.0
0.001
0.002
0.003
0.004
0.005
0.006
0.007
0.008
0.009
0.01
0.012
0.014
0.016
0.018
0.02
0.022
0.024
0.026
0.028
0.03
0.035
0.04
0.045
0.05
0.055
0.06
0.065
0.07
0.075
0.08
0.093
0.106
0.119
0.132
0.145
0.158
0.171
0.184
0.197
0.21
0.243
0.276
0.309
0.342
0.375
0.408
0.441
0.474
0.507
0.54
0.617
0.694
0.771
0.848
0.925
1.002
1.079
1.156
1.233
1.31
1.454
1.598
1.742
1.886
2.03
2.174
2.318
2.462
2.606
2.75
2.979
3.208
3.437
3.666
3.895
4.124
4.353
4.582
4.811
5.04
5.367
5.694
6.021
6.348
6.675
7.002
7.329
7.656
7.983
8.31
8.816
9.322
9.828
10.334
10.84
11.346
11.852
12.358
12.864
13.37
14.094
14.818
15.542
16.266
16.99
17.714
18.438
19.162
19.886
20.61
21.14
21.67
22.2
22.73
23.26
23.79
24.32
24.85
25.38
25.91
25.731
25.552
25.373
25.194
25.015
24.836
24.657
24.478
24.299
24.12
23.455
22.79
22.125
21.46
20.795
20.13
19.465
18.8
18.135
17.47
16.913
16.356
15.799
15.242
14.685
14.128
13.571
13.014
12.457
11.9
11.572
11.244
10.916
10.588
10.26
9.932
9.604
9.276
8.948
8.62
8.392
8.164
7.936
7.708
7.48
7.252
7.024
6.796
6.568
6.34
6.195
6.05
5.905
5.76
5.615
5.47
5.325
5.18
5.035
4.89
4.826
4.762
4.698
4.634
4.57
4.506
4.442
4.378
4.314
4.25
4.244
4.238
4.232
4.226
4.22
4.214
4.208
4.202
4.196
4.19
4.241
4.292
4.343
4.394
4.445
4.496
4.547
4.598
4.649
4.7
4.807
4.914
5.021
5.128
5.235
5.342
5.449
5.556
5.663
5.77
5.92
6.07
6.22
6.37
6.52
6.67
6.82
6.97
7.12
7.27
7.437
7.604
7.771
7.938
8.105
8.272
8.439
8.606
8.773
8.94
9.106
9.272
9.438
9.604
9.77
9.936
10.102
10.268
10.434
10.6
10.751
10.902
11.053
11.204
11.355
11.506
11.657
11.808
11.959
12.11
12.235
12.36
12.485
12.61
12.735
12.86
12.985
13.11
13.235
13.36
13.454
13.548
13.642
13.736
13.83
13.924
14.018
14.112
14.206
14.3
14.372
14.444
14.516
14.588
14.66
14.732
14.804
14.876
14.948
15.02
15.072
15.124
15.176
15.228
15.28
15.332
15.384
15.436
15.488
15.54
15.576
15.612
15.648
15.684
15.72
15.756
15.792
15.828
15.864
15.9
15.925
15.95
15.975
16.0
16.025
16.05
16.075
16.1
16.125
16.15
16.168
16.186
16.204
16.222
16.24
16.258
16.276
16.294
16.312
16.33
16.339
16.348
16.357
16.366
16.375
16.384
16.393
16.402
16.411
16.42
16.422
16.424
16.426
16.428
16.43
16.432
16.434
16.436
16.438
16.44
16.432
16.424
16.416
16.408
16.4
16.392
16.384
16.376
16.368
16.36
16.344
16.328
16.312
16.296
16.28
16.264
16.248
16.232
16.216
16.2
16.178
16.156
16.134
16.112
16.09
16.068
16.046
16.024
16.002
15.98
15.952
15.924
15.896
15.868
15.84
15.812
15.784
15.756
15.728
15.7
15.666
15.632
15.598
15.564
15.53
15.496
15.462
15.428
15.394
15.36
15.317
15.274
15.231
15.188
15.145
15.102
15.059
15.016
14.973
14.93
14.881
14.832
14.783
14.734
14.685
14.636
14.587
14.538
14.489
14.44
14.382
14.324
14.266
14.208
14.15
14.092
14.034
13.976
13.918
13.86
13.798
13.736
13.674
13.612
13.55
13.488
13.426
13.364
13.302
13.24
13.173
13.106
13.039
12.972
12.905
12.838
12.771
12.704
12.637
12.57
12.497
12.424
12.351
12.278
12.205
12.132
12.059
11.986
11.913
11.84
11.768
11.696
11.624
11.552
11.48
11.408
11.336
11.264
11.192
11.12
11.046
10.972
10.898
10.824
10.75
10.676
10.602
10.528
10.454
10.38
10.307
10.234
10.161
10.088
10.015
9.942
9.869
9.796
9.723
9.65
9.576
9.502
9.428
9.354
9.28
9.206
9.132
9.058
8.984
8.91
8.838
8.766
8.694
8.622
8.55
8.478
8.406
8.334
8.262
8.19
8.122
8.054
7.986
7.918
7.85
7.782
7.714
7.646
7.578
7.51
7.445
7.38
7.315
7.25
7.185
7.12
7.055
6.99
6.925
6.86
6.795
6.73
6.665
6.6
6.535
6.47
6.405
6.34
6.275
6.21
6.149
6.088
6.027
5.966
5.905
5.844
5.783
5.722
5.661
5.6
5.545
5.49
5.435
5.38
5.325
5.27
5.215
5.16
5.105
5.05
4.999
4.948
4.897
4.846
4.795
4.744
4.693
4.642
4.591
4.54
4.491
4.442
4.393
4.344
4.295
4.246
4.197
4.148
4.099
4.05
4.007
3.964
3.921
3.878
3.835
3.792
3.749
3.706
3.663
3.62
3.581
3.542
3.503
3.464
3.425
3.386
3.347
3.308
3.269
3.23
3.194
3.158
3.122
3.086
3.05
3.014
2.978
2.942
2.906
2.87
2.836
2.802
2.768
2.734
2.7
2.666
2.632
2.598
2.564
2.53
2.501
2.472
2.443
2.414
2.385
2.356
2.327
2.298
2.269
2.24
2.215
2.19
2.165
2.14
2.115
2.09
2.065
2.04
2.015
1.99
1.967
1.944
1.921
1.898
1.875
1.852
1.829
1.806
1.783
1.76
1.739
1.718
1.697
1.676
1.655
1.634
1.613
1.592
1.571
1.55
