0.0
0.0
0.0
0.0
0.0
0.0
0.0
0.0
0.0
0.0
0.0
0.0
0.0
0.0
0.0
0.0
0.0
0.0
0.0
0.0
0.0
0.001
0.002
0.003
0.004
0.005
0.006
0.007
0.008
0.009
0.01
0.011
0.012
0.013
0.014
0.015
0.016
0.017
0.018
0.019
0.02
0.023
0.026
0.029
0.032
0.035
0.038
0.041
0.044
0.047
0.05
0.056
0.062
0.068
0.074
0.08
0.086
0.092
0.098
0.104
0.11
0.123
0.136
0.149
0.162
0.175
0.188
0.201
0.214
0.227
0.24
0.266
0.292
0.318
0.344
0.37
0.396
0.422
0.448
0.474
0.5
0.546
0.592
0.638
0.684
0.73
0.776
0.822
0.868
0.914
0.96
1.035
1.11
1.185
1.26
1.335
1.41
1.485
1.56
1.635
1.71
1.821
1.932
2.043
2.154
2.265
2.376
2.487
2.598
2.709
2.82
3.009
3.198
3.387
3.576
3.765
3.954
4.143
4.332
4.521
4.71
5.026
5.342
5.658
5.974
6.29
6.606
6.922
7.238
7.554
7.87
8.139
8.408
8.677
8.946
9.215
9.484
9.753
10.022
10.291
10.56
10.528
10.496
10.464
10.432
10.4
10.368
10.336
10.304
10.272
10.24
10.01
9.78
9.55
9.32
9.09
8.86
8.63
8.4
8.17
7.94
7.771
7.602
7.433
7.264
7.095
6.926
6.757
6.588
6.419
6.25
6.148
6.046
5.944
5.842
5.74
5.638
5.536
5.434
5.332
5.23
5.143
5.056
4.969
4.882
4.795
4.708
4.621
4.534
4.447
4.36
4.324
4.288
4.252
4.216
4.18
4.144
4.108
4.072
4.036
4.0
4.017
4.034
4.051
4.068
4.085
4.102
4.119
4.136
4.153
4.17
4.212
4.254
4.296
4.338
4.38
4.422
4.464
4.506
4.548
4.59
4.652
4.714
4.776
4.838
4.9
4.962
5.024
5.086
5.148
5.21
5.285
5.36
5.435
5.51
5.585
5.66
5.735
5.81
5.885
5.96
6.036
6.112
6.188
6.264
6.34
6.416
6.492
6.568
6.644
6.72
6.792
6.864
6.936
7.008
7.08
7.152
7.224
7.296
7.368
7.44
7.507
7.574
7.641
7.708
7.775
7.842
7.909
7.976
8.043
8.11
8.173
8.236
8.299
8.362
8.425
8.488
8.551
8.614
8.677
8.74
8.805
8.87
8.935
9.0
9.065
9.13
9.195
9.26
9.325
9.39
9.457
9.524
9.591
9.658
9.725
9.792
9.859
9.926
9.993
10.06
10.129
10.198
10.267
10.336
10.405
10.474
10.543
10.612
10.681
10.75
10.824
10.898
10.972
11.046
11.12
11.194
11.268
11.342
11.416
11.49
11.566
11.642
11.718
11.794
11.87
11.946
12.022
12.098
12.174
12.25
12.33
12.41
12.49
12.57
12.65
12.73
12.81
12.89
12.97
13.05
13.131
13.212
13.293
13.374
13.455
13.536
13.617
13.698
13.779
13.86
13.944
14.028
14.112
14.196
14.28
14.364
14.448
14.532
14.616
14.7
14.78
14.86
14.94
15.02
15.1
15.18
15.26
15.34
15.42
15.5
15.578
15.656
15.734
15.812
15.89
15.968
16.046
16.124
16.202
16.28
16.352
16.424
16.496
16.568
16.64
16.712
16.784
16.856
16.928
17.0
17.069
17.138
17.207
17.276
17.345
17.414
17.483
17.552
17.621
17.69
17.752
17.814
17.876
17.938
18.0
18.062
18.124
18.186
18.248
18.31
18.362
18.414
18.466
18.518
18.57
18.622
18.674
18.726
18.778
18.83
18.871
18.912
18.953
18.994
19.035
19.076
19.117
19.158
19.199
19.24
19.267
19.294
19.321
19.348
19.375
19.402
19.429
19.456
19.483
19.51
19.518
19.526
19.534
19.542
19.55
19.558
19.566
19.574
19.582
19.59
19.579
19.568
19.557
19.546
19.535
19.524
19.513
19.502
19.491
19.48
19.451
19.422
19.393
19.364
19.335
19.306
19.277
19.248
19.219
19.19
19.143
19.096
19.049
19.002
18.955
18.908
18.861
18.814
18.767
18.72
18.658
18.596
18.534
18.472
18.41
18.348
18.286
18.224
18.162
18.1
18.024
17.948
17.872
17.796
17.72
17.644
17.568
17.492
17.416
17.34
17.253
17.166
17.079
16.992
16.905
16.818
16.731
16.644
16.557
16.47
16.374
16.278
16.182
16.086
15.99
15.894
15.798
15.702
15.606
15.51
15.408
15.306
15.204
15.102
15.0
14.898
14.796
14.694
14.592
14.49
14.383
14.276
14.169
14.062
13.955
13.848
13.741
13.634
13.527
13.42
13.311
13.202
13.093
12.984
12.875
12.766
12.657
12.548
12.439
12.33
12.223
12.116
12.009
11.902
11.795
11.688
11.581
11.474
11.367
11.26
11.158
11.056
10.954
10.852
10.75
10.648
10.546
10.444
10.342
10.24
10.141
10.042
9.943
9.844
9.745
9.646
9.547
9.448
9.349
9.25
9.155
9.06
8.965
8.87
8.775
8.68
8.585
8.49
8.395
8.3
8.212
8.124
8.036
7.948
7.86
7.772
7.684
7.596
7.508
7.42
7.338
7.256
7.174
7.092
7.01
6.928
6.846
6.764
6.682
6.6
6.525
6.45
6.375
6.3
6.225
6.15
6.075
6.0
5.925
5.85
5.782
5.714
5.646
5.578
5.51
5.442
5.374
5.306
5.238
5.17
5.108
5.046
4.984
4.922
4.86
4.798
4.736
4.674
4.612
4.55
4.494
4.438
4.382
4.326
4.27
4.214
4.158
4.102
4.046
3.99
3.94
3.89
3.84
3.79
3.74
3.69
3.64
3.59
3.54
3.49
3.445
3.4
3.355
3.31
3.265
3.22
3.175
3.13
3.085
3.04
3.001
2.962
2.923
2.884
2.845
2.806
2.767
2.728
2.689
2.65
