0.0
0.001
0.002
0.003
0.004
0.005
0.006
0.007
0.008
0.009
0.01
0.01
0.01
0.01
0.01
0.01
0.01
0.01
0.01
0.01
0.01
0.012
0.014
0.016
0.018
0.02
0.022
0.024
0.026
0.028
0.03
0.034
0.038
0.042
0.046
0.05
0.054
0.058
0.062
0.066
0.07
0.079
0.088
0.097
0.106
0.115
0.124
0.133
0.142
0.151
0.16
0.179
0.198
0.217
0.236
0.255
0.274
0.293
0.312
0.331
0.35
0.393
0.436
0.479
0.522
0.565
0.608
0.651
0.694
0.737
0.78
0.869
0.958
1.047
1.136
1.225
1.314
1.403
1.492
1.581
1.67
1.833
1.996
2.159
2.322
2.485
2.648
2.811
2.974
3.137
3.3
3.564
3.828
4.092
4.356
4.62
4.884
5.148
5.412
5.676
5.94
6.338
6.736
7.134
7.532
7.93
8.328
8.726
9.124
9.522
9.92
10.543
11.166
11.789
12.412
13.035
13.658
14.281
14.904
15.527
16.15
17.05
17.95
18.85
19.75
20.65
21.55
22.45
23.35
24.25
25.15
25.869
26.588
27.307
28.026
28.745
29.464
30.183
30.902
31.621
32.34
32.224
32.108
31.992
31.876
31.76
31.644
31.528
31.412
31.296
31.18
30.408
29.636
28.864
28.092
27.32
26.548
25.776
25.004
24.232
23.46
22.753
22.046
21.339
20.632
19.925
19.218
18.511
17.804
17.097
16.39
15.959
15.528
15.097
14.666
14.235
13.804
13.373
12.942
12.511
12.08
11.78
11.48
11.18
10.88
10.58
10.28
9.98
9.68
9.38
9.08
8.893
8.706
8.519
8.332
8.145
7.958
7.771
7.584
7.397
7.21
7.137
7.064
6.991
6.918
6.845
6.772
6.699
6.626
6.553
6.48
6.481
6.482
6.483
6.484
6.485
6.486
6.487
6.488
6.489
6.49
6.546
6.602
6.658
6.714
6.77
6.826
6.882
6.938
6.994
7.05
7.155
7.26
7.365
7.47
7.575
7.68
7.785
7.89
7.995
8.1
8.235
8.37
8.505
8.64
8.775
8.91
9.045
9.18
9.315
9.45
9.593
9.736
9.879
10.022
10.165
10.308
10.451
10.594
10.737
10.88
11.014
11.148
11.282
11.416
11.55
11.684
11.818
11.952
12.086
12.22
12.336
12.452
12.568
12.684
12.8
12.916
13.032
13.148
13.264
13.38
13.471
13.562
13.653
13.744
13.835
13.926
14.017
14.108
14.199
14.29
14.359
14.428
14.497
14.566
14.635
14.704
14.773
14.842
14.911
14.98
15.03
15.08
15.13
15.18
15.23
15.28
15.33
15.38
15.43
15.48
15.513
15.546
15.579
15.612
15.645
15.678
15.711
15.744
15.777
15.81
15.83
15.85
15.87
15.89
15.91
15.93
15.95
15.97
15.99
16.01
16.019
16.028
16.037
16.046
16.055
16.064
16.073
16.082
16.091
16.1
16.103
16.106
16.109
16.112
16.115
16.118
16.121
16.124
16.127
16.13
16.127
16.124
16.121
16.118
16.115
16.112
16.109
16.106
16.103
16.1
16.088
16.076
16.064
16.052
16.04
16.028
16.016
16.004
15.992
15.98
15.959
15.938
15.917
15.896
15.875
15.854
15.833
15.812
15.791
15.77
15.743
15.716
15.689
15.662
15.635
15.608
15.581
15.554
15.527
15.5
15.465
15.43
15.395
15.36
15.325
15.29
15.255
15.22
15.185
15.15
15.111
15.072
15.033
14.994
14.955
14.916
14.877
14.838
14.799
14.76
14.715
14.67
14.625
14.58
14.535
14.49
14.445
14.4
14.355
14.31
14.258
14.206
14.154
14.102
14.05
13.998
13.946
13.894
13.842
13.79
13.733
13.676
13.619
13.562
13.505
13.448
13.391
13.334
13.277
13.22
13.157
13.094
13.031
12.968
12.905
12.842
12.779
12.716
12.653
12.59
12.522
12.454
12.386
12.318
12.25
12.182
12.114
12.046
11.978
11.91
11.839
11.768
11.697
11.626
11.555
11.484
11.413
11.342
11.271
11.2
11.127
11.054
10.981
10.908
10.835
10.762
10.689
10.616
10.543
10.47
10.396
10.322
10.248
10.174
10.1
10.026
9.952
9.878
9.804
9.73
9.657
9.584
9.511
9.438
9.365
9.292
9.219
9.146
9.073
9.0
8.927
8.854
8.781
8.708
8.635
8.562
8.489
8.416
8.343
8.27
8.2
8.13
8.06
7.99
7.92
7.85
7.78
7.71
7.64
7.57
7.503
7.436
7.369
7.302
7.235
7.168
7.101
7.034
6.967
6.9
6.835
6.77
6.705
6.64
6.575
6.51
6.445
6.38
6.315
6.25
6.19
6.13
6.07
6.01
5.95
5.89
5.83
5.77
5.71
5.65
5.593
5.536
5.479
5.422
5.365
5.308
5.251
5.194
5.137
5.08
5.027
4.974
4.921
4.868
4.815
4.762
4.709
4.656
4.603
4.55
4.501
4.452
4.403
4.354
4.305
4.256
4.207
4.158
4.109
4.06
4.015
3.97
3.925
3.88
3.835
3.79
3.745
3.7
3.655
3.61
3.571
3.532
3.493
3.454
3.415
3.376
3.337
3.298
3.259
3.22
3.184
3.148
3.112
3.076
3.04
3.004
2.968
2.932
2.896
2.86
2.828
2.796
2.764
2.732
2.7
2.668
2.636
2.604
2.572
2.54
2.512
2.484
2.456
2.428
2.4
2.372
2.344
2.316
2.288
2.26
2.234
2.208
2.182
2.156
2.13
2.104
2.078
2.052
2.026
2.0
1.975
1.95
1.925
1.9
1.875
1.85
1.825
1.8
1.775
1.75
1.729
1.708
1.687
1.666
1.645
1.624
1.603
1.582
1.561
1.54
1.522
1.504
1.486
1.468
1.45
1.432
1.414
1.396
1.378
1.36
1.344
1.328
1.312
1.296
1.28
1.264
1.248
1.232
1.216
1.2
