0.01
0.015
0.02
0.025
0.03
0.035
0.04
0.045
0.05
0.055
0.06
0.08
0.1
0.12
0.14
0.16
0.18
0.2
0.22
0.24
0.26
0.349
0.438
0.527
0.616
0.705
0.794
0.883
0.972
1.061
1.15
1.482
1.814
2.146
2.478
2.81
3.142
3.474
3.806
4.138
4.47
5.221
5.972
6.723
7.474
8.225
8.976
9.727
10.478
11.229
11.98
12.771
13.562
14.353
15.144
15.935
16.726
17.517
18.308
19.099
19.89
19.925
19.96
19.995
20.03
20.065
20.1
20.135
20.17
20.205
20.24
19.655
19.07
18.485
17.9
17.315
16.73
16.145
15.56
14.975
14.39
13.846
13.302
12.758
12.214
11.67
11.126
10.582
10.038
9.494
8.95
8.633
8.316
7.999
7.682
7.365
7.048
6.731
6.414
6.097
5.78
5.667
5.554
5.441
5.328
5.215
5.102
4.989
4.876
4.763
4.65
4.671
4.692
4.713
4.734
4.755
4.776
4.797
4.818
4.839
4.86
4.952
5.044
5.136
5.228
5.32
5.412
5.504
5.596
5.688
5.78
5.899
6.018
6.137
6.256
6.375
6.494
6.613
6.732
6.851
6.97
7.083
7.196
7.309
7.422
7.535
7.648
7.761
7.874
7.987
8.1
8.195
8.29
8.385
8.48
8.575
8.67
8.765
8.86
8.955
9.05
9.127
9.204
9.281
9.358
9.435
9.512
9.589
9.666
9.743
9.82
9.89
9.96
10.03
10.1
10.17
10.24
10.31
10.38
10.45
10.52
10.589
10.658
10.727
10.796
10.865
10.934
11.003
11.072
11.141
11.21
11.276
11.342
11.408
11.474
11.54
11.606
11.672
11.738
11.804
11.87
11.933
11.996
12.059
12.122
12.185
12.248
12.311
12.374
12.437
12.5
12.548
12.596
12.644
12.692
12.74
12.788
12.836
12.884
12.932
12.98
13.005
13.03
13.055
13.08
13.105
13.13
13.155
13.18
13.205
13.23
13.237
13.244
13.251
13.258
13.265
13.272
13.279
13.286
13.293
13.3
13.291
13.282
13.273
13.264
13.255
13.246
13.237
13.228
13.219
13.21
13.194
13.178
13.162
13.146
13.13
13.114
13.098
13.082
13.066
13.05
13.033
13.016
12.999
12.982
12.965
12.948
12.931
12.914
12.897
12.88
12.866
12.852
12.838
12.824
12.81
12.796
12.782
12.768
12.754
12.74
12.734
12.728
12.722
12.716
12.71
12.704
12.698
12.692
12.686
12.68
12.682
12.684
12.686
12.688
12.69
12.692
12.694
12.696
12.698
12.7
12.707
12.714
12.721
12.728
12.735
12.742
12.749
12.756
12.763
12.77
12.784
12.798
12.812
12.826
12.84
12.854
12.868
12.882
12.896
12.91
12.923
12.936
12.949
12.962
12.975
12.988
13.001
13.014
13.027
13.04
13.052
13.064
13.076
13.088
13.1
13.112
13.124
13.136
13.148
13.16
13.17
13.18
13.19
13.2
13.21
13.22
13.23
13.24
13.25
13.26
13.269
13.278
13.287
13.296
13.305
13.314
13.323
13.332
13.341
13.35
13.357
13.364
13.371
13.378
13.385
13.392
13.399
13.406
13.413
13.42
13.43
13.44
13.45
13.46
13.47
13.48
13.49
13.5
13.51
13.52
13.532
13.544
13.556
13.568
13.58
13.592
13.604
13.616
13.628
13.64
13.659
13.678
13.697
13.716
13.735
13.754
13.773
13.792
13.811
13.83
13.854
13.878
13.902
13.926
13.95
13.974
13.998
14.022
14.046
14.07
14.105
14.14
14.175
14.21
14.245
14.28
14.315
14.35
14.385
14.42
14.46
14.5
14.54
14.58
14.62
14.66
14.7
14.74
14.78
14.82
14.864
14.908
14.952
14.996
15.04
15.084
15.128
15.172
15.216
15.26
15.298
15.336
15.374
15.412
15.45
15.488
15.526
15.564
15.602
15.64
15.679
15.718
15.757
15.796
15.835
15.874
15.913
15.952
15.991
16.03
16.067
16.104
16.141
16.178
16.215
16.252
16.289
16.326
16.363
16.4
16.427
16.454
16.481
16.508
16.535
16.562
16.589
16.616
16.643
16.67
16.691
16.712
16.733
16.754
16.775
16.796
16.817
16.838
16.859
16.88
16.885
16.89
16.895
16.9
16.905
16.91
16.915
16.92
16.925
16.93
16.922
16.914
16.906
16.898
16.89
16.882
16.874
16.866
16.858
16.85
16.827
16.804
16.781
16.758
16.735
16.712
16.689
16.666
16.643
16.62
16.581
16.542
16.503
16.464
16.425
16.386
16.347
16.308
16.269
16.23
16.179
16.128
16.077
16.026
15.975
15.924
15.873
15.822
15.771
15.72
15.655
15.59
15.525
15.46
15.395
15.33
15.265
15.2
15.135
15.07
14.994
14.918
14.842
14.766
14.69
14.614
14.538
14.462
14.386
14.31
14.224
14.138
14.052
13.966
13.88
13.794
13.708
13.622
13.536
13.45
13.362
13.274
13.186
13.098
13.01
12.922
12.834
12.746
12.658
12.57
12.477
12.384
12.291
12.198
12.105
12.012
11.919
11.826
11.733
11.64
11.545
11.45
11.355
11.26
11.165
11.07
10.975
10.88
10.785
10.69
10.599
10.508
10.417
10.326
10.235
10.144
10.053
9.962
9.871
9.78
9.689
9.598
9.507
9.416
9.325
9.234
9.143
9.052
8.961
8.87
8.783
8.696
8.609
8.522
8.435
8.348
8.261
8.174
8.087
8.0
7.917
7.834
7.751
7.668
7.585
7.502
7.419
7.336
7.253
7.17
7.09
7.01
6.93
6.85
6.77
6.69
6.61
6.53
6.45
6.37
6.298
6.226
6.154
6.082
6.01
5.938
5.866
5.794
5.722
5.65
5.586
5.522
5.458
5.394
5.33
5.266
5.202
5.138
5.074
5.01
4.951
4.892
4.833
4.774
4.715
4.656
4.597
4.538
4.479
4.42
