0.0
0.0
0.0
0.0
0.0
0.0
0.0
0.0
0.0
0.0
0.0
0.0
0.0
0.0
0.0
0.0
0.0
0.0
0.0
0.0
0.0
0.001
0.002
0.003
0.004
0.005
0.006
0.007
0.008
0.009
0.01
0.011
0.012
0.013
0.014
0.015
0.016
0.017
0.018
0.019
0.02
0.023
0.026
0.029
0.032
0.035
0.038
0.041
0.044
0.047
0.05
0.056
0.062
0.068
0.074
0.08
0.086
0.092
0.098
0.104
0.11
0.123
0.136
0.149
0.162
0.175
0.188
0.201
0.214
0.227
0.24
0.266
0.292
0.318
0.344
0.37
0.396
0.422
0.448
0.474
0.5
0.544
0.588
0.632
0.676
0.72
0.764
0.808
0.852
0.896
0.94
1.006
1.072
1.138
1.204
1.27
1.336
1.402
1.468
1.534
1.6
1.683
1.766
1.849
1.932
2.015
2.098
2.181
2.264
2.347
2.43
2.525
2.62
2.715
2.81
2.905
3.0
3.095
3.19
3.285
3.38
3.501
3.622
3.743
3.864
3.985
4.106
4.227
4.348
4.469
4.59
4.715
4.84
4.965
5.09
5.215
5.34
5.465
5.59
5.715
5.84
5.812
5.784
5.756
5.728
5.7
5.672
5.644
5.616
5.588
5.56
5.404
5.248
5.092
4.936
4.78
4.624
4.468
4.312
4.156
4.0
3.914
3.828
3.742
3.656
3.57
3.484
3.398
3.312
3.226
3.14
3.106
3.072
3.038
3.004
2.97
2.936
2.902
2.868
2.834
2.8
2.788
2.776
2.764
2.752
2.74
2.728
2.716
2.704
2.692
2.68
2.715
2.75
2.785
2.82
2.855
2.89
2.925
2.96
2.995
3.03
3.125
3.22
3.315
3.41
3.505
3.6
3.695
3.79
3.885
3.98
4.135
4.29
4.445
4.6
4.755
4.91
5.065
5.22
5.375
5.53
5.761
5.992
6.223
6.454
6.685
6.916
7.147
7.378
7.609
7.84
8.152
8.464
8.776
9.088
9.4
9.712
10.024
10.336
10.648
10.96
11.325
11.69
12.055
12.42
12.785
13.15
13.515
13.88
14.245
14.61
14.95
15.29
15.63
15.97
16.31
16.65
16.99
17.33
17.67
18.01
18.233
18.456
18.679
18.902
19.125
19.348
19.571
19.794
20.017
20.24
20.273
20.306
20.339
20.372
20.405
20.438
20.471
20.504
20.537
20.57
20.435
20.3
20.165
20.03
19.895
19.76
19.625
19.49
19.355
19.22
18.991
18.762
18.533
18.304
18.075
17.846
17.617
17.388
17.159
16.93
16.695
16.46
16.225
15.99
15.755
15.52
15.285
15.05
14.815
14.58
14.383
14.186
13.989
13.792
13.595
13.398
13.201
13.004
12.807
12.61
12.458
12.306
12.154
12.002
11.85
11.698
11.546
11.394
11.242
11.09
10.974
10.858
10.742
10.626
10.51
10.394
10.278
10.162
10.046
9.93
9.848
9.766
9.684
9.602
9.52
9.438
9.356
9.274
9.192
9.11
9.059
9.008
8.957
8.906
8.855
8.804
8.753
8.702
8.651
8.6
8.571
8.542
8.513
8.484
8.455
8.426
8.397
8.368
8.339
8.31
8.3
8.29
8.28
8.27
8.26
8.25
8.24
8.23
8.22
8.21
8.213
8.216
8.219
8.222
8.225
8.228
8.231
8.234
8.237
8.24
8.258
8.276
8.294
8.312
8.33
8.348
8.366
8.384
8.402
8.42
8.452
8.484
8.516
8.548
8.58
8.612
8.644
8.676
8.708
8.74
8.791
8.842
8.893
8.944
8.995
9.046
9.097
9.148
9.199
9.25
9.325
9.4
9.475
9.55
9.625
9.7
9.775
9.85
9.925
10.0
10.11
10.22
10.33
10.44
10.55
10.66
10.77
10.88
10.99
11.1
11.264
11.428
11.592
11.756
11.92
12.084
12.248
12.412
12.576
12.74
13.001
13.262
13.523
13.784
14.045
14.306
14.567
14.828
15.089
15.35
15.758
16.166
16.574
16.982
17.39
17.798
18.206
18.614
19.022
19.43
20.088
20.746
21.404
22.062
22.72
23.378
24.036
24.694
25.352
26.01
27.056
28.102
29.148
30.194
31.24
32.286
33.332
34.378
35.424
36.47
37.933
39.396
40.859
42.322
43.785
45.248
46.711
48.174
49.637
51.1
52.259
53.418
54.577
55.736
56.895
58.054
59.213
60.372
61.531
62.69
61.628
60.566
59.504
58.442
57.38
56.318
55.256
54.194
53.132
52.07
49.725
47.38
45.035
42.69
40.345
38.0
35.655
33.31
30.965
28.62
27.308
25.996
24.684
23.372
22.06
20.748
19.436
18.124
16.812
15.5
14.908
14.316
13.724
13.132
12.54
11.948
11.356
10.764
10.172
9.58
9.276
8.972
8.668
8.364
8.06
7.756
7.452
7.148
6.844
6.54
6.381
6.222
6.063
5.904
5.745
5.586
5.427
5.268
5.109
4.95
4.856
4.762
4.668
4.574
4.48
4.386
4.292
4.198
4.104
4.01
3.946
3.882
3.818
3.754
3.69
3.626
3.562
3.498
3.434
3.37
3.322
3.274
3.226
3.178
3.13
3.082
3.034
2.986
2.938
2.89
2.852
2.814
2.776
2.738
2.7
2.662
2.624
2.586
2.548
2.51
2.477
2.444
2.411
2.378
2.345
2.312
2.279
2.246
2.213
2.18
2.154
2.128
2.102
2.076
2.05
2.024
1.998
1.972
1.946
1.92
1.895
1.87
1.845
1.82
1.795
1.77
1.745
1.72
1.695
1.67
1.647
1.624
1.601
1.578
1.555
1.532
1.509
1.486
1.463
1.44
1.421
1.402
1.383
1.364
1.345
1.326
1.307
1.288
1.269
1.25
1.234
1.218
1.202
1.186
1.17
1.154
1.138
1.122
1.106
1.09
1.074
1.058
1.042
1.026
1.01
0.994
0.978
0.962
0.946
0.93
