0.0
0.0
0.0
0.0
0.0
0.0
0.0
0.0
0.0
0.0
0.0
0.0
0.0
0.0
0.0
0.0
0.0
0.0
0.0
0.0
0.0
0.0
0.0
0.0
0.0
0.0
0.0
0.0
0.0
0.0
0.0
0.0
0.0
0.0
0.0
0.0
0.0
0.0
0.0
0.0
0.0
0.0
0.0
0.0
0.0
0.0
0.0
0.0
0.0
0.0
0.0
0.0
0.0
0.0
0.0
0.0
0.0
0.0
0.0
0.0
0.0
0.0
0.0
0.0
0.0
0.0
0.0
0.0
0.0
0.0
0.0
0.0
0.0
0.0
0.0
0.0
0.0
0.0
0.0
0.0
0.0
0.0
0.0
0.0
0.0
0.0
0.0
0.0
0.0
0.0
0.0
0.0
0.0
0.0
0.0
0.0
0.0
0.0
0.0
0.0
0.0
0.0
0.0
0.0
0.0
0.0
0.0
0.0
0.0
0.0
0.0
0.0
0.0
0.0
0.0
0.0
0.0
0.0
0.0
0.0
0.0
0.0
0.0
0.0
0.0
0.0
0.0
0.0
0.0
0.0
0.0
0.0
0.0
0.0
0.0
0.0
0.0
0.0
0.0
0.0
0.0
0.0
0.0
0.0
0.0
0.0
0.0
0.0
0.0
0.0
0.0
0.0
0.0
0.0
0.0
0.0
0.0
0.0
0.0
0.0
0.0
0.0
0.0
0.0
0.0
0.0
0.0
0.0
0.0
0.0
0.0
0.0
0.0
0.0
0.0
0.0
0.0
0.0
0.0
0.0
0.0
0.0
0.0
0.0
0.0
0.0
0.0
0.0
0.0
0.0
0.0
0.0
0.0
0.0
0.0
0.0
0.0
0.0
0.0
0.0
0.0
0.0
0.0
0.0
0.0
0.0
0.0
0.0
0.0
0.0
0.0
0.0
0.0
0.0
0.0
0.0
0.0
0.0
0.0
0.0
0.0
0.0
0.0
0.0
0.0
0.0
0.0
0.0
0.0
0.0
0.0
0.0
0.0
0.0
0.0
0.0
0.0
0.0
0.0
0.0
0.0
0.0
0.0
0.0
0.0
0.0
0.0
0.0
0.0
0.0
0.0
0.0
0.0
0.0
0.0
0.0
0.0
0.0
0.0
0.0
0.0
0.0
0.0
0.0
0.0
0.0
0.0
0.0
0.0
0.0
0.0
0.0
0.0
0.0
0.0
0.0
0.0
0.0
0.0
0.0
0.0
0.0
0.0
0.0
0.0
0.0
0.0
0.0
0.0
0.0
0.0
0.0
0.0
0.0
0.0
0.0
0.0
0.0
0.0
0.0
0.0
0.0
0.0
0.0
0.0
0.0
0.0
0.0
0.0
0.0
0.0
0.0
0.0
0.0
0.0
0.0
0.0
0.0
0.0
0.0
0.0
0.0
0.0
0.0
0.0
0.0
0.0
0.0
0.0
0.0
0.0
0.0
0.0
0.0
0.0
0.0
0.0
0.0
0.0
0.0
0.0
0.0
0.0
0.0
0.0
0.0
0.0
9.603e-05
0.00024152
0.00038702
0.00053252
0.00067801
0.00082351
0.00096901
0.0011145
0.00126
0.0014055
0.00155099
0.00169649
0.00184199
0.00199571
0.00222341
0.00245112
0.00267882
0.00290653
0.00313423
0.00336194
0.00358964
0.00381735
0.00404505
0.00427215
0.00453417
0.00490461
0.00527505
0.00576182
0.00624998
0.00668751
0.00712503
0.00756256
0.0079792
0.00840615
0.00912806
0.00954433
0.01024601
0.01071813
0.01130581
0.01253233
0.01369947
0.01427711
0.01540676
0.0160599
0.01730961
0.0185735
0.01960467
0.02104652
0.0225588
0.02402807
0.02549734
0.02703511
0.02888491
0.03073471
0.0326052
0.03449145
0.03637287
0.0390939
0.04140503
0.04430239
0.04721352
0.05019467
0.05307388
0.05551528
0.05936092
0.0631716
0.06684644
0.07062026
0.07510754
0.07960939
0.08397085
0.08868529
0.09380931
0.0990999
0.10470874
0.11160691
0.11763911
0.12487455
0.13179306
0.13938819
0.14735083
0.15531347
0.16416762
0.17404067
0.18322574
0.19376989
0.20471756
0.21586536
0.22796374
0.24065407
0.2543288
0.26873308
0.28346776
0.29927968
0.31467768
0.33207478
0.35052243
0.36987537
0.3899139
0.41154943
0.43320744
0.45629268
0.48166353
0.50833715
0.53556643
0.56319583
0.59242571
0.62282246
0.65306303
0.6846726
0.71905014
0.75184373
0.78467081
0.8184472
0.85152131
0.88098308
0.9127132
0.93885536
0.96248689
0.98122913
0.99309212
0.99944986
0.99952183
0.99303141
0.97532077
0.95292921
0.92414597
0.88730277
0.84844895
0.80588949
0.76115773
0.71507227
0.67249811
0.63127395
0.59138739
0.55462658
0.52030429
0.48886697
0.4608627
0.43401208
0.41106649
0.3909299
0.37163959
0.35427428
0.33898359
0.32350042
0.31113486
0.29999887
0.28787328
0.2758751
0.26583074
0.25598543
0.24668745
0.23781952
0.22741132
0.21859746
0.20921763
0.19995439
0.19121097
0.18238116
0.17340727
0.16363332
0.15534677
0.14703464
0.13927449
0.13169095
0.12415058
0.11674686
0.11017055
0.1032205
0.0966384
0.0915108
0.08547242
0.07988
0.07567842
0.07052032
0.06638323
0.06217196
0.0579607
0.05420603
0.0506118
0.0474541
0.0441948
0.04076077
0.03838684
0.03546502
0.03305041
0.03081255
0.02862009
0.0264542
0.02431149
0.02242838
0.02133551
0.02000381
0.01868979
0.01738836
0.01609341
0.01479845
0.0135035
0.01234208
0.0116876
0.01096978
0.01027358
0.00959733
0.00849122
0.00814061
0.00745385
0.0068808
0.00658827
0.0059924
0.00556257
0.00513274
0.0047029
0.0043597
0.00404075
0.00384725
0.00365375
0.00346025
0.00326676
0.00307326
0.00287976
0.00268626
0.00249276
0.00229926
0.00210577
0.00191227
0.00171877
0.00152527
0.00133177
0.0012492
0.0011979
0.00114661
0.00109532
0.00104403
0.00099273
0.00094144
0.00089015
0.00083885
0.00078756
0.00073627
0.00068498
0.00063368
0.00058239
0.00050229
0.00039765
0.000293
0.00018836
8.371e-05
0.0
0.0
0.0
0.0
0.0
0.0
0.0
0.0
0.0
0.0
0.0
0.0
0.0
0.0
0.0
0.0
0.0
0.0
0.0
0.0
0.0
0.0
0.0
0.0
0.0
0.0
0.0
0.0
0.0
0.0
0.0
0.0
0.0
0.0
0.0
0.0
0.0
0.0
0.0
0.0
0.0
0.0
0.0
0.0
0.0
0.0
0.0
0.0
0.0
0.0
0.0
0.0
0.0
0.0
0.0
0.0
0.0
0.0
0.0
0.0
0.0
0.0
0.0
0.0
0.0
0.0
0.0
0.0
0.0
0.0
0.0
0.0
0.0
0.0
0.0
0.0
0.0
0.0
0.0
0.0
0.0
0.0
0.0
0.0
0.0
0.0
