0.0
0.0
0.0
0.0
0.0
0.0
0.0
0.0
0.0
0.0
0.0
0.0
0.0
0.0
0.0
0.0
0.0
0.0
0.0
0.0
0.0
0.0
0.0
0.0
0.0
0.0
0.0
0.0
0.0
0.0
0.0
0.0
0.0
0.0
0.0
0.0
0.0
0.0
0.0
0.0
0.0
0.0
0.0
0.0
0.0
0.0
0.0
0.0
0.0
0.0
0.0
0.0
0.0
0.0
0.0
0.0
0.0
0.0
0.0
0.0
0.0
0.0
0.0
0.0
0.0
0.0
0.0
0.0
0.0
0.00915914
0.03274045
0.04023926
0.05000027
0.05976127
0.06952228
0.07928328
0.08904476
0.09013718
0.11735799
0.1440543
0.16413289
0.18421149
0.20429055
0.22653465
0.25132111
0.27610804
0.31518319
0.33165435
0.36067087
0.42411032
0.43197092
0.48699225
0.5934072
0.62193458
0.68238073
0.77678051
0.83119667
0.88209502
0.97193173
1.07080872
1.20440534
1.25752437
1.36937311
1.48100346
1.60780312
1.71492937
1.89022322
2.10061217
2.25371145
2.46185896
2.66713156
2.85621128
2.98910085
3.21375725
3.4380132
3.69177809
3.95744591
4.24621957
4.55895426
4.89659521
5.32277717
5.65630221
6.06080374
6.47591011
6.90174962
7.31570037
7.68553226
8.1214455
8.57466007
9.07138266
9.61523911
10.24212872
10.91179241
11.54628648
12.29674001
13.11479937
13.86654861
14.67295835
15.51879275
16.28978665
16.98851733
17.7554307
18.55071533
19.24153305
20.10970116
21.16081524
21.96106574
23.00884266
24.16970743
25.33788564
26.50385401
27.70918196
29.02474502
30.15643196
31.11344908
32.11524306
33.00504019
33.96821938
34.82607131
35.81155497
36.7644793
37.74355184
38.77749855
39.90503043
41.08127819
42.4910349
43.41832468
44.55643405
45.60157946
46.44868929
47.07189411
47.61385769
47.85574373
48.09776985
48.2028306
48.07070752
48.09013425
47.86559812
47.44907482
47.36333703
47.04324787
46.74128972
46.2761661
45.90639647
45.40449527
44.7528975
43.96880497
43.09381962
42.11850404
41.2181365
40.1131803
38.98103582
37.92417854
36.92826362
35.98317724
35.04477838
34.11889799
33.31668057
32.42743955
31.80631061
31.18206856
30.52982459
29.96109536
29.39647732
28.90055282
28.37774994
27.81252484
27.36738926
26.85903072
26.45827011
26.16991058
25.7803364
25.44937259
25.28316052
25.01623709
24.8076429
24.70568111
24.49650015
24.40034807
24.48583021
24.29364823
24.44031895
24.35129259
24.39998157
24.45331381
24.56906384
24.68641098
24.95505228
25.12915466
25.28258365
25.45081358
25.98283787
26.19963132
26.46463075
26.95614503
27.39603833
27.82491076
28.29900815
28.75376135
29.23126475
29.86636352
30.56713423
31.08133409
31.90062407
32.54609231
33.26344833
33.93457471
34.67588939
35.36489019
36.08580033
36.79491888
37.42930117
38.11548838
38.79691537
39.52651863
40.2011383
40.86792189
41.52981225
42.23288147
42.80395354
43.47756239
44.04926227
44.51038366
45.1003754
45.49180565
45.93694737
46.37431104
46.80043828
47.1399787
47.48168791
47.67964943
47.9914516
48.11573531
48.25063377
48.34792213
48.46532776
48.42240462
48.42932327
48.40991823
48.29993642
48.22743075
48.10913363
48.03994955
47.74378367
47.50013024
47.25081992
46.85301205
46.58567966
46.20828858
45.81919364
45.35908023
45.04354847
44.52776706
44.10442086
43.60717564
43.09118905
42.64611903
42.11192972
41.5615084
41.01428602
40.38550355
39.82914232
39.25657832
38.6723694
38.06127551
37.45693471
36.83201485
36.16421902
35.55193177
34.95362709
34.32101644
33.6825857
33.05550931
32.41436545
31.74751299
31.1408515
30.4794616
29.86968417
29.28782094
28.583806
28.00234511
27.42824861
26.83894788
26.1756986
25.58964352
24.96663162
24.43009192
23.8987379
23.32301551
22.75411412
22.14024579
21.56683558
21.04100355
20.52037088
20.00727665
19.52473473
19.06869289
18.54519286
18.05444366
17.54516628
17.06053198
16.66653436
16.2191729
15.776891
15.35688337
14.99274894
14.56823014
14.17242927
13.78328055
13.4110478
13.0413475
12.67172598
12.31680776
12.01934381
11.73134606
11.3779226
11.05468825
10.76755038
10.47698007
10.2122028
9.93328117
9.66879021
9.40429971
9.12982134
8.89139085
8.66340908
8.44094836
8.23636301
7.98810076
7.76799987
7.57573912
7.36888261
7.18241034
6.99593855
6.80604564
6.65683349
6.53201678
6.35846297
6.18168331
6.03783561
5.89246202
5.75462828
5.62243067
5.50606934
5.37996588
5.23213104
5.16462568
5.10145367
4.99187279
4.91121644
4.81963308
4.75618891
4.69341358
4.63024252
4.59349701
4.55913444
4.46451015
4.46679922
4.44328961
4.40947466
4.42539255
4.42158371
4.41523721
4.44385516
4.49787558
4.52972785
4.59002825
4.6505678
4.7150143
4.78102207
4.82637909
4.9379717
5.05942815
5.14827621
5.27886113
5.424655
5.57906745
5.75736356
5.92266057
6.09352674
6.28973878
6.54349801
6.80603055
7.04727934
7.33014188
7.59717946
7.90955331
8.2644687
8.59871967
8.9778772
9.42285996
9.82230552
10.29135731
10.74134557
11.25794771
11.79518786
12.36131953
12.97388318
13.6208594
14.30116143
14.99878695
15.71568968
16.51515011
17.36353915
18.25351552
19.17276122
20.16232823
21.16654949
22.23894731
23.41492479
24.6523517
25.91598767
27.19849709
28.56098787
29.98270551
31.38762511
32.85711809
34.45717194
35.98991476
37.53571423
39.11619701
40.66250402
42.03469826
43.51388668
44.72950062
45.83172814
46.70642292
47.2566353
47.54717447
47.54122467
47.22573818
46.37984293
45.31088651
43.94044504
42.18982862
40.34437517
38.33013143
36.21439947
34.03481628
32.02085508
30.07057106
28.18337887
26.44362389
24.81888876
23.3302332
22.00350871
20.73119991
19.6430842
18.68746514
17.77176272
16.94697716
16.22015589
15.48425566
14.89540775
14.36455701
13.78702808
13.21550885
12.73614795
12.26617591
11.82223085
11.39873513
10.90258752
10.48164266
10.03400149
9.59230117
9.17688444
8.7573933
8.33110569
7.86682827
7.47255331
7.07707272
6.7076276
6.34651241
5.98743394
5.63480102
5.32119561
4.98996153
4.67608301
4.43081077
4.14813218
3.87946305
3.6762385
3.42789654
3.22771388
3.02403226
2.8203516
2.63820702
2.46363013
2.30981105
2.15382318
1.98959406
1.87536757
1.74247565
1.62433183
1.5129562
1.40830958
1.30491623
1.20261625
1.11256114
1.0597803
0.99573427
0.93252216
0.86990391
0.8075913
0.74527822
0.68296562
0.6269514
0.59487083
0.55985451
0.5258575
0.49280197
0.43947067
0.42177455
0.38822328
0.36003504
0.34507892
0.31581477
0.29438198
0.27294965
0.25151638
0.23417025
0.21798964
0.20824986
0.19851008
0.1887703
0.179031
0.16929122
0.15955144
0.14981166
0.14007188
0.1303321
0.12059279
0.11085301
0.10111324
0.09137346
0.08163321
0.06141358
0.05650289
0.05408363
0.05166436
0.05180634
0.05739059
0.06297532
0.06260835
0.05917591
0.05574348
0.05231104
0.04887908
0.04544617
0.04201373
0.03778746
0.03288478
0.02798117
0.0230785
0.01817535
0.01425331
0.01425331
0.0074507
0.0
0.0
0.0
0.0
0.0
0.0
0.0
0.0
0.0
0.0
0.0
0.0
0.0
0.0
0.0
0.0
0.0
0.0
0.0
0.0
0.0
0.0
0.0
0.0
0.0
0.0
0.0
0.0
0.0
0.0
0.0
0.0
0.0
0.0
0.0
0.0
0.0
0.0
0.0
0.0
0.0
0.0
0.0
0.0
0.0
0.0
0.0
0.0
0.0
0.0
0.0
0.0
0.0
0.0
0.0
0.0
0.0
0.0
0.0
0.0
0.0
0.0
0.0
0.0
0.0
0.0
0.0
0.0
0.0
0.0
0.0
0.0
0.0
0.0
0.0
0.0
0.0
0.0
0.0
0.0
0.0
0.0
0.0
